2.249605099789015253e-02
2.311110630229277346e-02
2.367357317693074767e-02
2.417024161398650603e-02
2.458627355953012239e-02
2.490537618437212164e-02
2.511002139933152938e-02
2.518171176627765837e-02
2.510129194308968054e-02
2.484930356331882875e-02
2.440638002438137028e-02
2.375367610091677975e-02
2.287332569428051840e-02
2.174891947454369798e-02
2.036599277857926299e-02
1.871251301073433015e-02
1.677935505942411074e-02
1.456075298723766981e-02
1.205471654420776570e-02
9.263401933905561492e-03
6.193427734592634598e-03
2.856128908894143420e-03
-7.322556475288854528e-04
-4.550463674755713360e-03
-8.572156764145006866e-03
-1.276592955633324908e-02
-1.709537318204848444e-02
-2.151918244145083897e-02
-2.599129395372867454e-02
-3.046104092276582381e-02
-3.487330941209831892e-02
-3.916868122752278220e-02
-4.328354975480342565e-02
-4.715019743497781551e-02
-5.069682697425872270e-02
-5.384754282156634791e-02
-5.652228479370401126e-02
-5.863672182294623475e-02
-6.010212043008012622e-02
-6.082520942523741980e-02
-6.070806920270945678e-02
-5.964808047978549521e-02
-5.753797305854229521e-02
-5.426601976798488269e-02
-4.971642376845003541e-02
-4.376994847436090769e-02
-3.630483810431064939e-02
-2.719807297477167332e-02
-1.632699686173284814e-02
-3.571343905755927552e-03
1.118432040455249500e-02
2.804774555475912645e-02
4.711574963112678122e-02
6.847062109010836062e-02
9.217623191024276741e-02
1.182739484700878474e-01
1.467784492693434972e-01
1.776735798724390358e-01
2.109083939229524363e-01
2.463935434312780892e-01
2.839981904881665464e-01
3.235476149308545990e-01
3.648216873191291176e-01
4.075543631908252751e-01
4.514343326572929915e-01
4.961069291040688944e-01
5.411773626963518602e-01
5.862152996661574855e-01
6.307607585729472222e-01
6.743312419080709219e-01
7.164299679285108802e-01
7.565550160615246433e-01
7.942091523136819431e-01
8.289100614724655980e-01
8.602006829001516142e-01
8.876593283885848562e-01
9.109092553330778719e-01
9.296273772038655681e-01
9.435518160231747276e-01
9.524880376096706014e-01
9.563133582968967872e-01
9.549796695540929692e-01
9.485142917537610074e-01
9.370189371414771040e-01
9.206668315361834498e-01
8.996981110537894955e-01
8.744136709989385192e-01
8.451676961604025484e-01
8.123591427470389092e-01
7.764224704367260754e-01
7.378179375395543804e-01
6.970217729295987708e-01
6.545165257642082679e-01
6.107818693654978315e-01
5.662861008516453243e-01
5.214785354882439661e-01
4.767829468794361203e-01
4.325921537445835963e-01
3.892638037813222485e-01
3.471173574398493389e-01
3.064322314217881038e-01
2.674470250215925660e-01
2.303597231935994305e-01
1.953287490659937897e-01
1.624747256272001672e-01
1.318828011002918243e-01
1.036053943168554342e-01
7.766522411699083861e-02
5.405849914900880127e-02
3.275816003952105454e-02
1.371708337955591592e-02
-3.128824948192764858e-03
-1.785770199325167201e-02
-3.055900419700089549e-02
-4.133101256619013675e-02
-5.027857920138703585e-02
-5.751111847824742079e-02
-6.314083924248969915e-02
-6.728120959243055754e-02
-7.004564281281819293e-02
-7.154639135449424037e-02
-7.189363497891099186e-02
-7.119474889167559661e-02
-6.955373753204571741e-02
-6.707081941704737260e-02
-6.384214791748528406e-02
-5.995965203295366974e-02
-5.551098019423741231e-02
-5.057952899094766280e-02
-4.524453768776541540e-02
-3.958122866497149756e-02
-3.366097370294478947e-02
-2.755146649907287693e-02
-2.131688307890197698e-02
-1.501801389298220747e-02
-8.712354352412779793e-03
-2.454144249058776324e-03
3.705649238962139668e-03
9.719405665634896566e-03
1.554297860690448223e-02
2.113586771938667438e-02
2.646142320437112894e-02
3.148706709508910379e-02
3.618451351818208900e-02
4.052996891447906841e-02
4.450429321965165136e-02
4.809310420726532753e-02
5.128680951571785301e-02
5.408055417786530872e-02
5.647407554990774292e-02
5.847146215101524380e-02
6.008081780484099410e-02
6.131383733481635123e-02
6.218530462994456554e-02
6.271252791327083798e-02
6.291473029625367641e-02
6.281241602406772984e-02
6.242673410302149173e-02
6.177886120799572917e-02
6.088942491403160490e-02
5.977798645972631081e-02
5.846259956023319715e-02
5.695945841497693923e-02
5.528264419918008793e-02
5.344397520389017331e-02
5.145296161307020416e-02
4.931686188387969516e-02
4.704083401022795402e-02
4.462817175082670063e-02
4.208061330372928066e-02
3.939870798033818372e-02
3.658222520153023294e-02
3.363058959562355288e-02
3.054332607642455677e-02
2.732049944572903510e-02
2.396313420491689647e-02
2.047360177013061999e-02
1.685596405784138552e-02
1.311626434028623917e-02
9.262758272455252212e-03
5.306079988898976599e-03
1.259340102720914525e-03
-2.861845727401437708e-03
-7.039397284112231326e-03
-1.125287736920673083e-02
-1.547966304712084830e-02
-1.969517577848518830e-02
-2.387316441792898883e-02
-2.798603389165578437e-02
-3.200521130179492107e-02
-3.590154023464028898e-02
-3.964569319846188850e-02
-4.320859141487945476e-02
-4.656182067713252049e-02
-4.967803171763358200e-02
-5.253131354812660969e-02
-5.509752859958103044e-02
-5.735459924019054023e-02
-5.928273642127452475e-02
-6.086460280832439035e-02
-6.208540479234124498e-02
-6.293291021461791535e-02
-6.339739141905303965e-02
-6.347149628557263723e-02
-6.315005308616543356e-02
-6.242981820891572997e-02
-6.130917886555185131e-02
-5.978782567439232948e-02
-5.786641233098736153e-02
-5.554622128801739445e-02
-5.282885532541139323e-02
-4.971597498832061590e-02
-4.620910102607148073e-02
-4.230949914271169010e-02
-3.801816157938268936e-02
-3.333589635059491796e-02
-2.826353046096595142e-02
-2.280222829445768123e-02
-1.695392079570604352e-02
-1.072183528873676787e-02
-4.111110063167148013e-03
2.870527524095255363e-03
1.021204545872820071e-02
1.789838392550682084e-02
2.590975735479268682e-02
3.422101591859975228e-02
4.280110081946961187e-02
5.161262628678566639e-02
6.061161824235781342e-02
6.974743517939069326e-02
7.896289104701345596e-02
8.819459304516719111e-02
9.737349947178279563e-02
1.064256944367166779e-01
1.152733677134107348e-01
1.238359796102583982e-01
1.320315828842716643e-01
1.397782667511399124e-01
1.469956822973541855e-01
1.536066043516364221e-01
1.595384823398842133e-01
1.647249319690289870e-01
1.691071208143791194e-01
1.726350039869923580e-01
1.752683709089549180e-01
1.769776706190516746e-01
1.777445906906113260e-01
1.775623734303743428e-01
1.764358621642625746e-01
1.743812797038103435e-01
1.714257501260074146e-01
1.676065834094363216e-01
1.629703499096097075e-01
1.575717778401958813e-01
1.514725116362198587e-01
1.447397721688116756e-01
1.374449611978593999e-01
1.296622522083407669e-01
1.214672079726258486e-01
1.129354619753504679e-01
1.041414964444413310e-01
9.515754440633315825e-02
8.605263720462628940e-02
7.689181257751218079e-02
6.773549196234600334e-02
5.863902944867875611e-02
4.965242896661866551e-02
4.082022106995595451e-02
3.218148620375358565e-02
2.377000773869376513e-02
1.561453536818315120e-02
7.739137714626448394e-03
1.636221551022477090e-04
-7.096000102558547469e-03
-1.402702486789182863e-02
-2.061956145025955686e-02
-2.686605246875433881e-02
-3.276082223858368947e-02
-3.829966624034229078e-02
-4.347949126444538431e-02
-4.829801285933779664e-02
-5.275351381282220725e-02
-5.684466466426549291e-02
-6.057040477199570477e-02
-6.392988032046335867e-02
-6.692243390447517870e-02
-6.954763901322000286e-02
-7.180537187499543006e-02
-7.369591271340966698e-02
-7.522006848460921491e-02
-7.637930956876443078e-02
-7.717591361395151339e-02
-7.761311069617306269e-02
-7.769522507238386944e-02
-7.742780996366013802e-02
-7.681777291202196434e-02
-7.587349021234833513e-02
-7.460490964964798521e-02
-7.302364121177483403e-02
-7.114303556522820482e-02
-6.897824987436798616e-02
-6.654630004213976657e-02
-6.386609771485901588e-02
-6.095846951435898720e-02
-5.784615504905211286e-02
-5.455377943510274913e-02
-5.110779545598064660e-02
-4.753639021969904149e-02
-4.386935133354908506e-02
-4.013788827017586436e-02
-3.637440577069420145e-02
-3.261222779951883366e-02
-2.888527266447820166e-02
-2.522768233347570319e-02
-2.167341156707907127e-02
-1.825578506972068416e-02
-1.500703325189367728e-02
-1.195781920471904181e-02
-9.136770946893203391e-03
-6.570033775121155925e-03
-4.280857540768180994e-03
-2.289232850332985000e-03
-6.115885678124100867e-04
7.394393348404719110e-04
1.755160440399823130e-03
2.430900224745510124e-03
2.765987715838649341e-03
2.763663554173734650e-03
2.430914701273220648e-03
1.778244735641108147e-03
8.193907306231271300e-04
-4.290009885473366189e-04
-1.947727415613190356e-03
-3.715397272670029408e-03
-5.708803801779211741e-03
-7.903292121157638739e-03
-1.027311340504473598e-02
-1.279176046557821064e-02
-1.543228166976702218e-02
-1.816757231443683757e-02
-2.097064442958516961e-02
-2.381487734635424902e-02
-2.667425215878819339e-02
-2.952357339263111946e-02
-3.233868079006367580e-02
-3.509665319995926985e-02
-3.777600524763559398e-02
-4.035687589846580908e-02
-4.282120639784766508e-02
-4.515290354174431031e-02
-4.733798297192889915e-02
-4.936468633773257592e-02
-5.122356582466910946e-02
-5.290752977866388512e-02
-5.441184396341282314e-02
-5.573408434027087022e-02
-5.687403907371432754e-02
-5.783355962310860604e-02
-5.861636313915113972e-02
-5.922779078226562272e-02
-5.967452885941074842e-02
-5.996430168385234738e-02
-6.010554666818562763e-02
-6.010708326159523718e-02
-5.997778786974599513e-02
-5.972628681893562413e-02
-5.936067875190073617e-02
-5.888829661274073285e-02
-5.831551766507309109e-02
-5.764762788725523446e-02
-5.688874471479423572e-02
-5.604179957580037591e-02
-5.510857911540943677e-02
-5.408982154966989614e-02
-5.298536233823579467e-02
-5.179432141325574640e-02
-5.051532262603750101e-02
-4.914673493046715219e-02
-4.768692414919411399e-02
-4.613450398117130424e-02
-4.448857520352337419e-02
-4.274894277480389276e-02
-4.091630172168584517e-02
-3.899238423330217418e-02
-3.698006223016542943e-02
-3.488340174034974123e-02
-3.270766761833377584e-02
-3.045927938943059424e-02
-2.814572119969148412e-02
-2.577541090215736130e-02
-2.335753512347724103e-02
-2.090185864576191849e-02
-1.841851753410134532e-02
-1.591780608292930541e-02
-1.340996780606393615e-02
-1.090500033983259759e-02
-8.412483274854115275e-03
-5.941436614124266657e-03
-3.500215832693247351e-03
-1.096447470552168370e-03
1.262993071541631575e-03
3.571962225537969084e-03
5.824990466191062692e-03
8.017191244640479650e-03
1.014414375351108295e-02
1.220175814496211875e-02
1.418613285962443474e-02
1.609341422101824223e-02
1.791966837426723150e-02
1.966077499990553576e-02
2.131235104651953496e-02
2.286971106423819552e-02
2.432786867630676655e-02
2.568158141142545120e-02
2.692543866319138668e-02
2.805399007979434908e-02
2.906190935095441172e-02
2.994418627502568736e-02
3.069633826653377431e-02
3.131463119099250209e-02
3.179629865178287829e-02
3.213974863708252139e-02
3.234474676823363010e-02
3.241256625135662678e-02
3.234609597254399505e-02
3.214989992251694045e-02
3.183022320040954783e-02
3.139494212690065178e-02
3.085345838542111196e-02
3.021653949572432676e-02
2.949611019878048065e-02
2.870500139538464598e-02
2.785666504433480239e-02
2.696486481587958076e-02
2.604335325646692581e-02
2.510554671549736563e-02
2.416420929859379452e-02
2.323115665098074434e-02
2.231698946598758074e-02
2.143086530420636876e-02
2.058031566283166289e-02
1.977111333135178964e-02
1.900719299943075258e-02
1.829062594294691979e-02
1.762164750458729973e-02
1.699873410354690514e-02
1.641872474483375977e-02
1.587698053056986122e-02
1.536757456557840719e-02
1.488350394013481480e-02
1.441691518496431013e-02
1.395933472541476331e-02
1.350189638843422163e-02
1.303555889137719692e-02
1.255130740090868238e-02
1.204033461369604166e-02
1.149419828847195700e-02
1.090495365717240005e-02
1.026526056828667294e-02
9.568466482605618093e-03
8.808667477292739245e-03
7.980750163315243270e-03
7.080417849851612135e-03
6.104204387295881357e-03
5.049478902623050561e-03
3.914444145831542585e-03
2.698130454022912988e-03
1.400386487734874182e-03
2.186699135659684017e-05
-1.435983030329078059e-03
-2.970949052847107405e-03
-4.580074533050951420e-03
-6.259697243320987321e-03
-8.005496420696135013e-03
-9.812552287533160902e-03
-1.167541875823679270e-02
-1.358820913535140062e-02
-1.554469339374400620e-02
-1.753840435302776030e-02
-1.956274876142564956e-02
-2.161111818213950000e-02
-2.367699370669877970e-02
-2.575403802660651553e-02
-2.783616835998779793e-02
-2.991760420757107533e-02
-3.199288491792653261e-02
-3.405685354941415111e-02
-3.610460545737288751e-02
-3.813140230179031670e-02
-4.013255462174337984e-02
-4.210327859279931750e-02
-4.403853489414265993e-02
-4.593285958567180916e-02
-4.778019836791469466e-02
-4.957375643264943371e-02
-5.130587621143126165e-02
-5.296795464213088778e-02
-5.455041010241366145e-02
-5.604270696089656834e-02
-5.743344288091030425e-02
-5.871050073374407124e-02
-5.986126342936347322e-02
-6.087288636754808330e-02
-6.173261877446727108e-02
-6.242816213531696828e-02
-6.294805145728334106e-02
-6.328204335783033097e-02
-6.342149408374557484e-02
-6.335971058510352083e-02
-6.309225869616182092e-02
-6.261721425575154931e-02
-6.193534552376155772e-02
-6.105021836405022384e-02
-5.996821918030886822e-02
-5.869849430260436207e-02
-5.725280821516798985e-02
-5.564532648544338184e-02
-5.389233231693377202e-02
-5.201188815317048936e-02
-5.002345559744775932e-02
-4.794748801940441202e-02
-4.580501057962241968e-02
-4.361720204787975647e-02
-4.140499179153267484e-02
-3.918868377340074816e-02
-3.698761745338664114e-02
-3.481987327838732132e-02
-3.270202811706150042e-02
-3.064896368833823492e-02
-2.867372886720305145e-02
-2.678745482659400032e-02
-2.499932036003086472e-02
-2.331656346506969998e-02
-2.174453436171836299e-02
-2.028678455395503677e-02
-1.894518627513556985e-02
-1.772007663165706126e-02
-1.661042090693257492e-02
-1.561398974108487228e-02
-1.472754519786920353e-02
-1.394703101793915920e-02
-1.326776260176630411e-02
-1.268461245053821226e-02
-1.219218692329673663e-02
-1.178499026606100869e-02
-1.145757197154286845e-02
-1.120465368440198145e-02
-1.102123212902877784e-02
-1.090265495418722697e-02
-1.084466700171483888e-02
-1.084342533958424643e-02
-1.089548245731128753e-02
-1.099773828472849768e-02
-1.114736311970175586e-02
-1.134169506923448680e-02
-1.157811713449045064e-02
-1.185392050222261635e-02
-1.216616183461553639e-02
-1.251152326984075400e-02
-1.288618436036794226e-02
-1.328571520812498602e-02
-1.370499955471563697e-02
-1.413819553378952570e-02
-1.457874021076245585e-02
-1.501940197973735541e-02
-1.545238245216620614e-02
-1.586946678159519702e-02
-1.626221857323824349e-02
-1.662221279072353605e-02
-1.694129756404821191e-02
-1.721187368423305816e-02
-1.742717898445725333e-02
-1.758156386864286741e-02
-1.767074403303627028e-02
-1.769201696710220525e-02
-1.764443010301112308e-02
-1.752889044752885608e-02
-1.734820807240195981e-02
-1.710706881894918235e-02
-1.681193482167007980e-02
-1.647087479015136094e-02
-1.609332922032272878e-02
-1.568981865570361414e-02
-1.527160562763285080e-02
-1.485032284219123949e-02
-1.443758146077864582e-02
-1.404457389477637916e-02
-1.368168540131962582e-02
-1.335812796940038204e-02
-1.308160860458310384e-02
-1.285804226909224163e-02
-1.269131754623357630e-02
-1.258312071934495138e-02
-1.253282153097380267e-02
-1.253742155242217222e-02
-1.259156396224953012e-02
-1.268760169329480846e-02
-1.281571941892326559e-02
-1.296410373584742058e-02
-1.311915515741085385e-02
-1.326573512510916333e-02
-1.338744112394063025e-02
-1.346690308218949361e-02
-1.348609447658767613e-02
-1.342665188058428556e-02
-1.327019702795225256e-02
-1.299865577327440069e-02
-1.259456859151268995e-02
-1.204138746814534602e-02
-1.132375420618364492e-02
-1.042775535004342863e-02
-9.341149143284514442e-03
-8.053560247027153479e-03
-6.556638395620602300e-03
-4.844177793998954117e-03
-2.912194890042804976e-03
-7.589631882393938845e-04
1.614995011523448574e-03
4.206958706664429455e-03
7.012097434976911382e-03
1.002359555164175110e-02
1.323280608264418116e-02
1.662942754512946458e-02
2.020169625266636862e-02
2.393658610715684171e-02
2.782000777547455686e-02
3.183699948727017337e-02
3.597190246938981872e-02
4.020851521839421266e-02
4.453022234112879313e-02
4.892009547254939222e-02
5.336096569780965360e-02
5.783546883742251427e-02
6.232606677280380647e-02
6.681504957452116811e-02
7.128452444349210604e-02
7.571639830722125264e-02
8.009236128058425108e-02
8.439387808931980706e-02
8.860219398442843730e-02
9.269836069927415989e-02
9.666328669742735302e-02
1.004778144268998891e-01
1.041228256450729417e-01
1.075793742196532454e-01
1.108288442484949565e-01
1.138531299640993116e-01
1.166348327650484906e-01
1.191574698899139778e-01
1.214056887369700799e-01
1.233654806287814293e-01
1.250243878972250866e-01
1.263716984792266629e-01
1.273986227147848871e-01
1.280984476723787957e-01
1.284666650414092448e-01
1.285010693835799689e-01
1.282018242926294682e-01
1.275714947542071209e-01
1.266150447159676007e-01
1.253397995722886904e-01
1.237553739442317641e-01
1.218735658009820061e-01
1.197082186292382777e-01
1.172750540114642637e-01
1.145914776143175523e-01
1.116763621981229915e-01
1.085498118123646161e-01
1.052329118107597355e-01
1.017474696704061404e-01
9.811575180265955098e-02
9.436022157498021035e-02
9.050328360920820159e-02
8.656703908164564698e-02
8.257305623721439281e-02
7.854215967110450558e-02
7.449424116610739444e-02
7.044809405043211958e-02
6.642127221175476992e-02
6.242997412042870786e-02
5.848895152438679523e-02
5.461144191635979722e-02
5.080912346322113970e-02
4.709209083478706898e-02
4.346885026696898496e-02
3.994633221948287738e-02
3.652992010808163437e-02
3.322349376540163768e-02
3.002948647098058546e-02
2.694895455079884122e-02
2.398165864833858019e-02
2.112615579220873674e-02
1.837990132264851612e-02
1.573935959730609138e-02
1.320012219495602518e-02
1.075703210381432490e-02
8.404312154781191924e-03
6.135695777078994072e-03
3.944558049162407570e-03
1.824045018727068123e-03
-2.328006119029719706e-04
-2.232919092677961535e-03
-4.183119825870817814e-03
-6.089975019733552541e-03
-7.959721171586111102e-03
-9.798168275154390053e-03
-1.161061622132507874e-02
-1.340177754145719345e-02
-1.517570547135583744e-02
-1.693572632345162476e-02
-1.868437536014422654e-02
-2.042333575946183449e-02
-2.215338083217033294e-02
-2.387432034518604390e-02
-2.558495257101475046e-02
-2.728302444601409665e-02
-2.896520290375527440e-02
-3.062706097540672523e-02
-3.226308254499191119e-02
-3.386668965467441034e-02
-3.543029593383557885e-02
-3.694538905904810877e-02
-3.840264414995059328e-02
-3.979206870572096072e-02
-4.110317815178086281e-02
-4.232519938293873712e-02
-4.344729796151711870e-02
-4.445882297214536621e-02
-4.534956206682307783e-02
-4.610999806700727399e-02
-4.673155772228535648e-02
-4.720684293434827122e-02
-4.752983498897439540e-02
-4.769606311326912013e-02
-4.770272997096761808e-02
-4.754878847053688184e-02
-4.723496640184632334e-02
-4.676373782238799764e-02
-4.613924264781882334e-02
-4.536715841628973650e-02
-4.445453054145023092e-02
-4.340956940243126394e-02
-4.224142421475009235e-02
-4.095994468363395313e-02
-3.957544189271415547e-02
-3.809845969534771115e-02
-3.653956706114183661e-02
-3.490918043353303385e-02
-3.321742325829787901e-02
-3.147402756094472287e-02
-2.968827991958200227e-02
-2.786901155011134099e-02
-2.602462964839979964e-02
-2.416318477054914954e-02
-2.229246701443402673e-02
-2.042012220782040907e-02
-1.855377829594962238e-02
-1.670117170592586367e-02
-1.487026366157401247e-02
-1.306933720894838322e-02
-1.130706703302345427e-02
-9.592555913375372736e-03
-7.935333769263804710e-03
-6.345317553358173143e-03
-4.832732629930255701e-03
-3.407998578198714358e-03
-2.081584462499126275e-03
-8.638403907980255012e-04
2.351864541072794972e-04
1.205942250021106244e-03
2.039554026602941918e-03
2.728004986265658138e-03
3.264289125755649897e-03
3.642537788569256280e-03
3.858112324054803303e-03
3.907658866502005182e-03
3.789123268516488702e-03
3.501726312552626719e-03
3.045901367680500793e-03
2.423198547013169675e-03
1.636161058508505892e-03
6.881807489468333037e-04
-4.166592407061992724e-04
-1.673746296214232657e-03
-3.078096156994440235e-03
-4.624498645853436160e-03
-6.307643957909800023e-03
-8.122223266226556021e-03
-1.006299877872193597e-02
-1.212483995766166361e-02
-1.430272430720833619e-02
-1.659170286229737223e-02
-1.898683219237953107e-02
-2.148307629163756505e-02
-2.407518309812842205e-02
-2.675754151505304115e-02
-2.952402565902277273e-02
-3.236783360861707898e-02
-3.528132816258012366e-02
-3.825588704606402990e-02
-4.128176964413423494e-02
-4.434800672470322336e-02
-4.744231877804282876e-02
-5.055106759392596905e-02
-5.365924457140705539e-02
-5.675049806282109893e-02
-5.980720084393380265e-02
-6.281055762342906135e-02
-6.574075139783958077e-02
-6.857712645510112559e-02
-7.129840495407896439e-02
-7.388293327140878219e-02
-7.630895371346292644e-02
-7.855489673365402548e-02
-8.059968845948746463e-02
-8.242306810030174125e-02
-8.400590965339453653e-02
-8.533054223145213057e-02
-8.638106327938782636e-02
-8.714363892126839040e-02
-8.760678567334682920e-02
-8.776162778190324532e-02
-8.760212450858316513e-02
-8.712526181366843370e-02
-8.633120310811856490e-02
-8.522339409065998739e-02
-8.380861718874037247e-02
-8.209699180944497743e-02
-8.010191749747484768e-02
-7.783995819862693510e-02
-7.533066713017348703e-02
-7.259635323835378351e-02
-6.966179183476627068e-02
-6.655388368866310689e-02
-6.330126853872725112e-02
-5.993390059467655628e-02
-5.648259504125147101e-02
-5.297855575246732118e-02
-4.945289529862020861e-02
-4.593615882282677670e-02
-4.245786343727049605e-02
-3.904606442375423841e-02
-3.572695872489738134e-02
-3.252453501202962755e-02
-2.946027806681074390e-02
-2.655293338834192191e-02
-2.381833592297768337e-02
-2.126930470589619843e-02
-1.891560310001736897e-02
-1.676396231378724996e-02
-1.481816406018336522e-02
-1.307917665660349865e-02
-1.154533761317037138e-02
-1.021257484990686568e-02
-9.074658135430320807e-03
-8.123472145961299976e-03
-7.349302680643130664e-03
-6.741127999879982166e-03
-6.286907929036579003e-03
-5.973864234717556759e-03
-5.788746776134764092e-03
-5.718081001506349591e-03
-5.748393444491074235e-03
-5.866412930104953662e-03
-6.059246183217136678e-03
-6.314527414484221585e-03
-6.620542216738133610e-03
-6.966326726732970792e-03
-7.341743488365659945e-03
-7.737535796702502827e-03
-8.145362515830104067e-03
-8.557815460568966512e-03
-8.968421428404631940e-03
-9.371630881516343145e-03
-9.762795128416964022e-03
-1.013813365959701125e-02
-1.049469307048449089e-02
-1.083029877600872291e-02
-1.114350050096418743e-02
-1.143351233459827254e-02
-1.170014797991778682e-02
-1.194375171933842635e-02
-1.216512556688259701e-02
-1.236545308817552612e-02
-1.254622044406443482e-02
-1.270913534843788606e-02
-1.285604481765391729e-02
-1.298885281500059691e-02
-1.310943914138536573e-02
-1.321958117169749237e-02
-1.332088026094794750e-02
-1.341469481999295853e-02
-1.350208216250190635e-02
-1.358375123042046030e-02
-1.366002819660144807e-02
-1.373083670904350420e-02
-1.379569417780982486e-02
-1.385372501880843994e-02
-1.390369117335013387e-02
-1.394403954315565942e-02
-1.397296524982806661e-02
-1.398848888468599491e-02
-1.398854520215522985e-02
-1.397108007158569254e-02
-1.393415198027967393e-02
-1.387603401139725183e-02
-1.379531203296412850e-02
-1.369097484685103533e-02
-1.356249226582969571e-02
-1.340987750649941246e-02
-1.323373088743783933e-02
-1.303526257543498670e-02
-1.281629298879984925e-02
-1.257923039938907590e-02
-1.232702622442155733e-02
-1.206310941518565910e-02
-1.179130218524446910e-02
-1.151572003452133904e-02
-1.124065958507083560e-02
-1.097047812720765292e-02
-1.070946897031460100e-02
-1.046173670220036829e-02
-1.023107629664623923e-02
-1.002085969289765420e-02
-9.833933033223614395e-03
-9.672527220405175222e-03
-9.538183883606745489e-03
-9.431698255435268935e-03
-9.353079898621524668e-03
-9.301531705356859761e-03
-9.275447145859294293e-03
-9.272425376299136754e-03
-9.289303531595859836e-03
-9.322205318841246882e-03
-9.366604877787017280e-03
-9.417404766109655628e-03
-9.469026836334392544e-03
-9.515514675705822115e-03
-9.550646160233324314e-03
-9.568054515531568271e-03
-9.561356073565566854e-03
-9.524282668691659570e-03
-9.450816340559943865e-03
-9.335323726308185008e-03
-9.172687257789868126e-03
-8.958430063417626918e-03
-8.688831341657174065e-03
-8.361028954731380275e-03
-7.973106110900338162e-03
-7.524159276559721186e-03
-7.014344888337588867e-03
-6.444903010281288064e-03
-5.818156778960195501e-03
-5.137487265008167797e-03
-4.407284209347731886e-03
-3.632873916693515805e-03
-2.820426357429372567e-03
-1.976844194544925912e-03
-1.109636975729273419e-03
-2.267840840661821593e-04
6.634097899228855698e-04
1.552462905832378620e-03
2.431864892461459930e-03
3.293222080233553038e-03
4.128396919455116533e-03
4.929639135049712281e-03
5.689706759705275355e-03
6.401975651431183155e-03
7.060536505843898088e-03
7.660278696637402678e-03
8.196960511048255460e-03
8.667265495226174690e-03
9.068844703673549501e-03
9.400344682952090428e-03
9.661421043793199867e-03
9.852737519823854401e-03
9.975950504146301884e-03
1.003367921822957351e-02
1.002946191136290868e-02
9.967698810753950617e-03
9.853582926243463491e-03
9.693020231162013250e-03
9.492541153832937881e-03
9.259205678366856998e-03
9.000504623119874592e-03
8.724259798737355603e-03
8.438525712136202978e-03
8.151495258358230564e-03
7.871411425716569668e-03
7.606486446153035499e-03
7.364829085808108702e-03
7.154379940938481418e-03
6.982853745561400614e-03
6.857686882499451110e-03
6.785987594869292983e-03
6.774485893208504785e-03
6.829479907264434865e-03
6.956775488036160207e-03
7.161616251124353939e-03
7.448601968430682875e-03
7.821594236984676096e-03
8.283609630124352807e-03
8.836701992301359762e-03
9.481837079414634495e-03
1.021876426281228753e-02
1.104589139127548116e-02
1.196017002723248450e-02
1.295699903692843977e-02
1.403015483318516624e-02
1.517175638292860874e-02
1.637227237003813229e-02
1.762057665215737562e-02
1.890405640877574830e-02
2.020877522278664504e-02
2.151969087549962523e-02
2.282092499724294732e-02
2.409607905052510088e-02
2.532858858575270586e-02
2.650210545320392727e-02
2.760089581847215839e-02
2.861024052820196686e-02
2.951682369401794834e-02
3.030909535365714294e-02
3.097759473784681208e-02
3.151522198713312822e-02
3.191744805406446228e-02
3.218245488900635387e-02
3.231120071262620630e-02
3.230740807803033493e-02
3.217747536703310235e-02
3.193031519769119059e-02
3.157712580645438694e-02
3.113110369153145734e-02
3.060710757521924175e-02
3.002128500433640795e-02
2.939067363491602164e-02
2.873278944744296279e-02
2.806521384866441510e-02
2.740519089584564014e-02
2.676924480751697102e-02
2.617282659022984390e-02
2.562999710627346384e-02
2.515315232246679786e-02
2.475279489630411237e-02
2.443735474134538233e-02
2.421305982164289813e-02
2.408385719112596593e-02
2.405138323749059920e-02
2.411498121525931099e-02
2.427176345044591496e-02
2.451671505101830906e-02
2.484283553798550051e-02
2.524131449322683518e-02
2.570173707394267371e-02
2.621231504436215276e-02
2.676013880247130397e-02
2.733144571876804790e-02
2.791189994840968802e-02
2.848687872810784505e-02
2.904176003248739452e-02
2.956220635549611578e-02
3.003443932009263254e-02
3.044549982657247106e-02
3.078348855070977066e-02
3.103778182085055459e-02
3.119921825858435610e-02
3.126025207564549213e-02
3.121506958772566828e-02
3.105966633205003644e-02
3.079188314739525478e-02
3.041140066902020198e-02
2.991969287207741843e-02
2.931994152098891734e-02
2.861691459675621413e-02
2.781681292212879672e-02
2.692709022760869306e-02
2.595625274380624140e-02
2.491364501895985267e-02
2.380922900656809102e-02
2.265336352323075314e-02
2.145659093361492603e-02
2.022943738826320226e-02
1.898223214852431256e-02
1.772495052486526904e-02
1.646708378682626081e-02
1.521753814044712882e-02
1.398456358182084171e-02
1.277571219221883617e-02
1.159782430368342179e-02
1.045703998633671153e-02
9.358832528234826628e-03
8.308060017649186724e-03
7.309030801676872670e-03
6.365578473682223862e-03
5.481142111253634389e-03
4.658847711953598321e-03
3.901587116020657255e-03
3.212091121808412133e-03
2.592993952544098753e-03
2.046886690108656783e-03
1.576357730604545631e-03
1.184018726039149164e-03
8.725148560298365491e-04
6.445186321619597808e-04
5.027067916767899956e-04
4.497202062907163585e-04
4.881071355561560294e-04
6.202506073859878925e-04
8.482812185391459727e-04
1.173977212039872950e-03
1.598654292033371361e-03
2.123048253209419787e-03
2.747194095292430742e-03
3.470305819585176553e-03
4.290661517187071249e-03
5.205498611520618241e-03
6.210924171405063365e-03
7.301845035784169415e-03
8.471922072177329871e-03
9.713552229519743786e-03
1.101788116162408931e-02
1.237484812666610895e-02
1.377326366272066047e-02
1.520091926304071965e-02
1.664472699821837806e-02
1.809088582821857458e-02
1.952507028456024543e-02
2.093263634185943065e-02
2.229883868549830880e-02
2.360905324866553398e-02
2.484899884915163504e-02
2.600495199675836172e-02
2.706394944069803743e-02
2.801397374210836191e-02
2.884411803703631344e-02
2.954472713961374744e-02
3.010751316046789486e-02
3.052564482034324234e-02
3.079381056825060414e-02
3.090825642167005505e-02
3.086680010008909653e-02
3.066882350276161143e-02
3.031524588119497224e-02
2.980848018370209004e-02
2.915237502180045848e-02
2.835214455342232459e-02
2.741428832869328286e-02
2.634650283595303677e-02
2.515758615387293437e-02
2.385733679208913369e-02
2.245644751469544342e-02
2.096639470860769613e-02
1.939932369526682285e-02
1.776793029504953117e-02
1.608533893795749750e-02
1.436497766477454023e-02
1.262045046870972735e-02
1.086540757462909311e-02
9.113414426192274417e-03
7.377820335669841093e-03
5.671627933422420352e-03
4.007364722636294792e-03
2.396958191148255025e-03
8.516160498244948170e-04
-6.182867480132343699e-04
-2.003312501530443192e-03
-3.295055053328176369e-03
-4.486222181682675628e-03
-5.570704461917399403e-03
-6.543629068433871876e-03
-7.401397136837255600e-03
-8.141703501477491611e-03
-8.763537871470326521e-03
-9.267166811075092797e-03
-9.654096249726532020e-03
-9.927014661831956924e-03
-1.008971752165708190e-02
-1.014701414462258582e-02
-1.010461855838631559e-02
-9.969026585273722471e-03
-9.747381837296079099e-03
-9.447333797797866431e-03
-9.076891559166957654e-03
-8.644277073320350349e-03
-8.157781922309283867e-03
-7.625631606494928834e-03
-7.055861160559240459e-03
-6.456205535642346033e-03
-5.834007632607415665e-03
-5.196146152255763130e-03
-4.548984570797116878e-03
-3.898341591915574326e-03
-3.249482418878501481e-03
-2.607129186835606578e-03
-1.975487955919106187e-03
-1.358288848898444624e-03
-7.588352774726542498e-04
-1.800577847992647601e-04
3.754321276646905930e-04
9.052927049595578838e-04
1.407411298273585423e-03
1.879875850033637047e-03
2.320961097031182859e-03
2.729131031246639916e-03
3.103057993448321648e-03
3.441657570487425405e-03
3.744137299548627902e-03
4.010056126254217708e-03
4.239390686773421985e-03
4.432603843949959634e-03
4.590710545546303895e-03
4.715336012313175312e-03
4.808761508114385574e-03
4.873953477123844219e-03
4.914572618840542043e-03
4.934960459072872119e-03
4.940102100780812550e-03
4.935565032005883451e-03
4.927415056077148227e-03
4.922111521761178381e-03
4.926385005581507617e-03
4.947101384383983599e-03
4.991116797205999434e-03
5.065128311795911477e-03
5.175525179639539619e-03
5.328245396842980902e-03
5.528641913265356506e-03
5.781362286320407447e-03
6.090244903605271203e-03
6.458234148167046537e-03
6.887316099679460096e-03
7.378475598264005834e-03
7.931674782865456158e-03
8.545852582242760564e-03
9.218944103503290757e-03
9.947918440733593756e-03
1.072883311566187083e-02
1.155690315671003936e-02
1.242658270964171544e-02
1.333165703585916656e-02
1.426534277513578745e-02
1.522039441037150061e-02
1.618921495694851387e-02
1.716396899571719439e-02
1.813669626768051393e-02
1.909942414523351992e-02
2.004427738826515190e-02
2.096358368553197585e-02
2.184997357657774211e-02
2.269647345223935533e-02
2.349659044751132089e-02
2.424438817322987355e-02
2.493455238483383712e-02
2.556244585717534420e-02
2.612415192131136571e-02
2.661650631739875816e-02
2.703711722037517931e-02
2.738437349400723100e-02
2.765744141578899834e-02
2.785625028234680819e-02
2.798146744617175177e-02
2.803446344557987066e-02
2.801726796939014302e-02
2.793251744744721168e-02
2.778339508218564957e-02
2.757356414181666784e-02
2.730709533116073076e-02
2.698838905140951011e-02
2.662209336498320630e-02
2.621301850497901806e-02
2.576604881735445121e-02
2.528605310203680193e-02
2.477779442725388387e-02
2.424584062642181140e-02
2.369447684194686196e-02
2.312762164476896837e-02
2.254874841885327885e-02
2.196081384039900650e-02
2.136619538541557548e-02
2.076663984968830923e-02
2.016322484647511959e-02
