2.807508548007829965e-02
2.767018970739433883e-02
2.733205871243989116e-02
2.706741997050567464e-02
2.688019099050021482e-02
2.677149586077652577e-02
2.673986665938439880e-02
2.678158657245985688e-02
2.689111621555403606e-02
2.706154253158531836e-02
2.728499986027370025e-02
2.755303087205428214e-02
2.785687512241444286e-02
2.818768986957166309e-02
2.853671848454579496e-02
2.889542559465446692e-02
2.925561616872728032e-02
2.960955016239596657e-02
2.995005736715039210e-02
3.027065067262350515e-02
3.056563136432066327e-02
3.083017796319902776e-02
3.106041048339269403e-02
3.125342438628658098e-02
3.140729218723326693e-02
3.152103472980375548e-02
3.159456769373419210e-02
3.162863119726572886e-02
3.162471089292558796e-02
3.158495757400292536e-02
3.151210922518271618e-02
3.140941525792279726e-02
3.128055826520082655e-02
3.112956507448838561e-02
3.096069721593095944e-02
3.077831196525069105e-02
3.058668923658980354e-02
3.038982655013012374e-02
3.019121315547177928e-02
2.999360359295299289e-02
2.979881855393260587e-02
2.960760488967692852e-02
2.941958556381028822e-02
2.923332378136344473e-02
2.904651422190591276e-02
2.885630010053999092e-02
2.865970007272804904e-02
2.845411598504323306e-02
2.823788248732166453e-02
2.801081270210746543e-02
2.777468957894452251e-02
2.753364884696784046e-02
2.729439562394743446e-02
2.706619317823004411e-02
2.686056188705955236e-02
2.669063473065620348e-02
2.657014034088321305e-02
2.651203227077001193e-02
2.652685381580120044e-02
2.662100899650110888e-02
2.679517596091437678e-02
2.704311742651319128e-02
2.735109431993486620e-02
2.769798200350497355e-02
2.805605999041646537e-02
2.839234133404033508e-02
2.867025662018700752e-02
2.885151170048668584e-02
2.889797894907347384e-02
2.877353467767290729e-02
2.844580358355068908e-02
2.788780951599595381e-02
2.707956510064681022e-02
2.600967269424833000e-02
2.467707481450514065e-02
2.309321507120274536e-02
2.128510680125043908e-02
1.930025379777158129e-02
1.721514912985997597e-02
1.515005210776055287e-02
1.329181930347042052e-02
1.191388974991164189e-02
1.133991604555771408e-02
1.178004787316346696e-02
1.316475429461937130e-02
1.522164108330376769e-02
1.766622193202712840e-02
2.028532488760662056e-02
2.293365681908234380e-02
2.551256139037352128e-02
2.795399817331068251e-02
3.021104070750025086e-02
3.225247223391962403e-02
3.405957373965347312e-02
3.562400008735503582e-02
3.694615501498925425e-02
3.803376307924355437e-02
3.890049394808641620e-02
3.956458287785337424e-02
4.004744312865083505e-02
4.037229772133364009e-02
4.056287702201625406e-02
4.064223835226465908e-02
4.063176508540808363e-02
4.055039560405503118e-02
4.041411745557829671e-02
4.023574053358555669e-02
4.002493801799933415e-02
3.978851909644199464e-02
3.953087735282867499e-02
3.925454644895420842e-02
3.896079189948189331e-02
3.865017389393878011e-02
3.832302916305743018e-02
3.797983689706888044e-02
3.762145178170069049e-02
3.724920400037413232e-02
3.686488005636510967e-02
3.647060873931659564e-02
3.606868325690867905e-02
3.566135352492535299e-02
3.525062206206939358e-02
3.483807320694789350e-02
3.442475898668657247e-02
3.401115668634304562e-02
3.359720400050870970e-02
3.318240873074300434e-02
3.276602240274782002e-02
3.234726171283801993e-02
3.192555871843008597e-02
3.150081999105783237e-02
3.107367593777606365e-02
3.064570328969026813e-02
3.021960545482040017e-02
2.979933636170293415e-02
2.939015334294326626e-02
2.899858387824630693e-02
2.863229064836272583e-02
2.829982095788112495e-02
2.801023210560435808e-02
2.777259540835170029e-02
2.759539886677023560e-02
2.748589028674115753e-02
2.744942463048695783e-02
2.748889474938332605e-02
2.760432647109556728e-02
2.779270321731444615e-02
2.804805347118284609e-02
2.836179399355638966e-02
2.872328339746252693e-02
2.912051397252311130e-02
2.954085913933697169e-02
2.997179861135161258e-02
3.040155841943979059e-02
3.081962257395089513e-02
3.121709265547972442e-02
3.158688845321982325e-02
3.192379613234635344e-02
3.222438058981721282e-02
3.248678624951523153e-02
3.271045599320408087e-02
3.289580132668867146e-02
3.304385805515384911e-02
3.315596039558384167e-02
3.323346241829407827e-02
3.327752913779780108e-02
3.328901104744360490e-02
3.326840639275904093e-02
3.321590621912743485e-02
3.313150940463324701e-02
3.301518941129354123e-02
3.286709180043505263e-02
3.268774157395382129e-02
3.247824158041292403e-02
3.224044673700030006e-02
3.197710276370535620e-02
3.169194171833270707e-02
3.138972932512663211e-02
3.107626069229516355e-02
3.075830163325933217e-02
3.044347285807730286e-02
3.014007442383951491e-02
2.985684877836252554e-02
2.960268321216608794e-02
2.938625701693817552e-02
2.921564512132367175e-02
2.909789773692247200e-02
2.903862314809294368e-02
2.904160622342095641e-02
2.910849651006711808e-02
2.923859563335320239e-02
2.942876430843932925e-02
2.967345632805111835e-02
2.996487329592473908e-02
3.029322263492673431e-02
3.064705459571231624e-02
3.101365218810993307e-02
3.137945026461886472e-02
3.173046466010975841e-02
3.205271748694908662e-02
3.233264901921911044e-02
3.255750939639499852e-02
3.271572460649003339e-02
3.279723127132929544e-02
3.279377423203789360e-02
3.269916038147354514e-02
3.250946203276398189e-02
3.222316358116707191e-02
3.184124635497419947e-02
3.136720824848093780e-02
3.080701676141543374e-02
3.016899614386037848e-02
2.946365115448671551e-02
2.870343120539324555e-02
2.790243920056039578e-02
2.707608914773836778e-02
2.624071585083635402e-02
2.541313922006973799e-02
2.461018590529936295e-02
2.384817332285774430e-02
2.314236699132459982e-02
2.250643208784789892e-02
2.195191341399118160e-02
2.148779127678646442e-02
2.112016856343480048e-02
2.085214026158161565e-02
2.068387716914827507e-02
2.061292267504908488e-02
2.063466390913717280e-02
2.074290816052544797e-02
2.093048176623304654e-02
2.118977440458169950e-02
2.151317244633326950e-02
2.189335239122023116e-02
2.232343146954053961e-02
2.279699226182125421e-02
2.330801014829768716e-02
2.385071736281352273e-02
2.441943719835139304e-02
2.500841832390858152e-02
2.561169366420100804e-02
2.622298187441400932e-02
2.683564280583733072e-02
2.744269200051634161e-02
2.803687353728008189e-02
2.861078572699484596e-02
2.915705035674600112e-02
2.966851343731704074e-02
3.013846365556922466e-02
3.056085386199961992e-02
3.093051081181091497e-02
3.124331892635534222e-02
3.149636499652292559e-02
3.168803250713084912e-02
3.181803666032644723e-02
3.188739427460282605e-02
3.189832657670451516e-02
3.185409746744281845e-02
3.175879499646135778e-02
3.161706922924548135e-02
3.143384494173352695e-02
3.121403195766125210e-02
3.096225865851882225e-02
3.068265447489397849e-02
3.037870445433931560e-02
3.005319315114246895e-02
2.970824650221558921e-02
2.934546999757749880e-02
2.896617067502600326e-02
2.857164072665579688e-02
2.816347304515779901e-02
2.774387464335554762e-02
2.731594278568049566e-02
2.688387065711145968e-02
2.645305402207378045e-02
2.603007719513760268e-02
2.562256559602840017e-02
2.523890328709621142e-02
2.488782731462409192e-02
2.457792607880290164e-02
2.431708499882708277e-02
2.411193665573559824e-02
2.396738041810036329e-02
2.388623425074351200e-02
2.386906675373926326e-02
2.391423181778977100e-02
2.401809692548988878e-02
2.417542678314653359e-02
2.437986377062229676e-02
2.462443948100803692e-02
2.490205690819107323e-02
2.520589684179062873e-02
2.552971975834135779e-02
2.586805169769530385e-02
2.621625673523730535e-02
2.657050885877539764e-02
2.692768262555006800e-02
2.728518566791598293e-02
2.764075766912197848e-02
2.799226032039269993e-02
2.833748120616990870e-02
2.867397160624264932e-02
2.899893392495914157e-02
2.930916907721118833e-02
2.960108809874256383e-02
2.987078609468619972e-02
3.011417105150794929e-02
3.032713560171037756e-02
3.050575694750961089e-02
3.064650896122825610e-02
3.074647086483436875e-02
3.080351851402990393e-02
3.081648671019210362e-02
3.078529364031705809e-02
3.071102106104414003e-02
3.059594588579609212e-02
3.044352027062693228e-02
3.025829819811832674e-02
3.004580721262238227e-02
2.981236482569153690e-02
2.956484075200589354e-02
2.931036909146723241e-02
2.905601917154545383e-02
2.880843991490814743e-02
2.857349961110959569e-02
2.835594950461271802e-02
2.815914383885645064e-02
2.798484904909455742e-02
2.783316939701898154e-02
2.770260540278545944e-02
2.759024634437868412e-02
2.749208147931541182e-02
2.740339961563493382e-02
2.731923590842724736e-02
2.723481983739920592e-02
2.714597941783461130e-02
2.704946290156808736e-02
2.694314907036924472e-02
2.682612921829069866e-02
2.669865685184990428e-02
2.656197411610358716e-02
2.641803624045281629e-02
2.626916606528255024e-02
2.611767889232383816e-02
2.596552222595528009e-02
2.581397423788364676e-02
2.566343831467366235e-02
2.551335913442352374e-02
2.536226986387349336e-02
2.520796278526537745e-02
2.504775989418750459e-02
2.487884833499279594e-02
2.469863951482013237e-02
2.450511061279329189e-02
2.429709209135749726e-02
2.407447316799853770e-02
2.383830733587345707e-02
2.359081052827519120e-02
2.333525446119451632e-02
2.307576654569863314e-02
2.281705528430451324e-02
2.256408605407903695e-02
2.232173632611227782e-02
2.209446120735959751e-02
2.188599918131317254e-02
2.169914369702611104e-02
2.153559889244225506e-02
2.139592798368663076e-02
2.127959211665086600e-02
2.118506755704985256e-02
2.111002169278218543e-02
2.105152455480073861e-02
2.100627266602393683e-02
2.097080537244111129e-02
2.094169918706436859e-02
2.091573170463185277e-02
2.089001213356157099e-02
2.086207965851353055e-02
2.082997336391038262e-02
2.079227837042912225e-02
2.074815247219707198e-02
2.069733634680711448e-02
2.064014880144509831e-02
2.057746693248938691e-02
2.051068985232543107e-02
2.044168402416534844e-02
2.037270839523080621e-02
2.030631848099842887e-02
2.024525026780982229e-02
2.019228708529066663e-02
2.015011514337761156e-02
2.012117580788386553e-02
2.010752441542651425e-02
2.011070603929855649e-02
2.013165779089474972e-02
2.017064491348982344e-02
2.022723436153074303e-02
2.030030533593248435e-02
2.038809213855193730e-02
2.048825150445233653e-02
2.059794487267696539e-02
2.071392614133538840e-02
2.083262721928652930e-02
2.095023670294292317e-02
2.106277062905683589e-02
2.116613777347314124e-02
2.125620474383889055e-02
2.132886768830536892e-02
2.138013758426167768e-02
2.140624480187024864e-02
2.140376619834113633e-02
2.136977479091801621e-02
2.130200855429200887e-02
2.119905155029801896e-02
2.106051778706793248e-02
2.088722613368416969e-02
2.068135332668227105e-02
2.044655148617080531e-02
2.018801640656845212e-02
1.991249299600832134e-02
1.962820454077729773e-02
1.934469319535564100e-02
1.907256092240823195e-02
1.882310421047002011e-02
1.860784376526460407e-02
1.843796317792893713e-02
1.832368811613651130e-02
1.827365710935935014e-02
1.829435079129726818e-02
1.838965121356319135e-02
1.856059103544207764e-02
1.880532415378797020e-02
1.911931195644481218e-02
1.949568460917318335e-02
1.992571513762650404e-02
2.039933993821500466e-02
2.090567001602466890e-02
2.143345567074157049e-02
2.197148625470286484e-02
2.250892124638500039e-02
2.303555759129420968e-02
2.354204172471587031e-02
2.402003460852220398e-02
2.446233625864694533e-02
2.486297396332486781e-02
2.521725651313127745e-02
2.552179564858468586e-02
2.577449563683383016e-02
2.597451229545770512e-02
2.612218368593106563e-02
2.621893587500630229e-02
2.626716838892962855e-02
2.627012506322956922e-02
2.623175674611310376e-02
2.615658260295244258e-02
2.604955648664833076e-02
2.591594392517476697e-02
2.576121373621391430e-02
2.559094618811292784e-02
2.541075715141697527e-02
2.522623507960392725e-02
2.504288525356054146e-02
2.486607390691744288e-02
2.470096401353386040e-02
2.455243500788706346e-02
2.442498073933164343e-02
2.432258353398607589e-02
2.424856706511286514e-02
2.420543619774298549e-02
2.419471716818012361e-02
2.421681532560862951e-02
2.427090923263491504e-02
2.435489859874843607e-02
2.446541930853622301e-02
2.459793236731062580e-02
2.474688608619489763e-02
2.490594360746632360e-02
2.506826207173240215e-02
2.522680602213507248e-02
2.537467614088631182e-02
2.550543477558605415e-02
2.561341134131797995e-02
2.569397295051631391e-02
2.574374802318453795e-02
2.576079286562563825e-02
2.574469318822143055e-02
2.569659435284182142e-02
2.561915602035228987e-02
2.551642911063382521e-02
2.539365591672534603e-02
2.525699810530477804e-02
2.511320230946243945e-02
2.496921891995542570e-02
2.483179595197285844e-02
2.470707549659132210e-02
2.460022388986793720e-02
2.451512691505159519e-02
2.445417707394664450e-02
2.441817111787626671e-02
2.440632372329695418e-02
2.441638962192716616e-02
2.444487434408396803e-02
2.448730538049848082e-02
2.453853235298658966e-02
2.459302671233355719e-02
2.464515740359974130e-02
2.468942706600011847e-02
2.472066181943130547e-02
2.473415506128141123e-02
2.472577106071688346e-02
2.469201717322866418e-02
2.463009433992202971e-02
2.453793461328452122e-02
2.441423234124503669e-02
2.425847295153939556e-02
2.407096055853413796e-02
2.385284329502183887e-02
2.360613362306078489e-02
2.333371999425672486e-02
2.303936603184562892e-02
2.272769367108530905e-02
2.240414710508853088e-02
2.207493460691797860e-02
2.174694507859330564e-02
2.142763543988924699e-02
2.112488392693130657e-02
2.084680358903576863e-02
2.060151065315087709e-02
2.039684503443041017e-02
2.024004597180618578e-02
2.013739468452648354e-02
2.009384694128147145e-02
2.011268891562343480e-02
2.019525611843716803e-02
2.034075430054568465e-02
2.054621164322129045e-02
2.080657485034034457e-02
2.111494207656106417e-02
2.146290808658061350e-02
2.184098563659132505e-02
2.223906332253337836e-02
2.264686307162680837e-02
2.305436759623534157e-02
2.345219680198639550e-02
2.383192033982035885e-02
2.418630017250437969e-02
2.450946195441584818e-02
2.479699743536277132e-02
2.504600239626809943e-02
2.525505617927616478e-02
2.542414994931903663e-02
2.555457156387384507e-02
2.564875539198544635e-02
2.571010562608162450e-02
2.574280157273304767e-02
2.575159310477446659e-02
2.574159394147739616e-02
2.571807974826184964e-02
2.568629727130170015e-02
2.565128989300710649e-02
2.561774413306187187e-02
2.558986071378633806e-02
2.557125281702399625e-02
2.556487303313929177e-02
2.557296921378700294e-02
2.559706801467397791e-02
2.563798345053999381e-02
2.569584644870402321e-02
2.577015038543903000e-02
2.585980711565196918e-02
2.596320818752028206e-02
2.607828678320954149e-02
2.620257732519389732e-02
2.633327139695361765e-02
2.646727033523224581e-02
2.660123623857781061e-02
2.673164394495586640e-02
2.685483662008908076e-02
2.696708697876959437e-02
2.706466499393675104e-02
2.714391150842809450e-02
2.720131578446214823e-02
2.723359402561087439e-02
2.723776552589977917e-02
2.721122345365029060e-02
2.715179832567309048e-02
2.705781378633423731e-02
2.692813607628216990e-02
2.676222019175210701e-02
2.656015682554560900e-02
2.632272442651219235e-02
2.605144990026236548e-02
2.574867951959401713e-02
2.541765858322058563e-02
2.506261445486772030e-02
2.468883314475212032e-02
2.430271497589069074e-02
2.391179063797288853e-02
2.352467577125444756e-02
2.315094109552048515e-02
2.280087726561604716e-02
2.248514056694569593e-02
2.221427853279802148e-02
2.199815380737203674e-02
2.184530817998194679e-02
2.176233179228466083e-02
2.175331764601569698e-02
2.181948114406323178e-02
2.195900463356007665e-02
2.216713086108216060e-02
2.243648684464538690e-02
2.275758366129491603e-02
2.311941774817330778e-02
2.351009828046695185e-02
2.391743898736132731e-02
2.432947386355889530e-02
2.473487742571970488e-02
2.512328688289981390e-02
2.548553425825911614e-02
2.581380165837030699e-02
2.610171405277464385e-02
2.634438272535196898e-02
2.653841028163917912e-02
2.668186558130808059e-02
2.677423465683818199e-02
2.681635174622885517e-02
2.681031301942465167e-02
2.675937436005136616e-02
2.666783362089234985e-02
2.654089708704931300e-02
2.638452949508556314e-02
2.620528696386563092e-02
2.601013272008910124e-02
2.580623666775799102e-02
2.560076171105508600e-02
2.540064222104950961e-02
2.521236288092979644e-02
2.504174888831317905e-02
2.489378050502420378e-02
2.477244554235265989e-02
2.468064200615439907e-02
2.462013959594553866e-02
2.459160334000674505e-02
2.459467614094769730e-02
2.462811053373028039e-02
2.468993470841332472e-02
2.477763475436447344e-02
2.488833459387620323e-02
2.501895710283560947e-02
2.516635393102755608e-02
2.532739674457419252e-02
2.549902816920420270e-02
2.567827585780678087e-02
2.586223725389128966e-02
2.604804538833485270e-02
2.623282724131784441e-02
2.641366582124372170e-02
2.658757532586465688e-02
2.675149587683908411e-02
2.690231079239991524e-02
2.703688568150456467e-02
2.715212530157018120e-02
2.724504154526207270e-02
2.731282440951333934e-02
2.735290749492659199e-02
2.736302046644293468e-02
2.734122281173394578e-02
2.728591588402807036e-02
2.719583325892130019e-02
2.707001248487663631e-02
2.690775398595902229e-02
2.670857484923124317e-02
2.647216624579358871e-02
2.619836315445100983e-02
2.588713387662439774e-02
2.553859468838627286e-02
2.515305213538323106e-02
2.473107229368460419e-02
2.427357318380841955e-02
2.378193379795852380e-02
2.325811115832109033e-02
2.270475561849536958e-02
2.212531426219353087e-02
2.152411262620543622e-02
2.090640586721117383e-02
2.027839165056601750e-02
1.964717823048980905e-02
1.902070227502362237e-02
1.840759199777677532e-02
1.781697237259955921e-02
1.725821120089051849e-02
1.674060839356707880e-02
1.627303685457782978e-02
1.586355217101719645e-02
1.551899912266583442e-02
1.524465327467169201e-02
1.504394145270624740e-02
1.491828133273232111e-02
1.486706555126928765e-02
1.488779193922456535e-02
1.497631550948138809e-02
1.512717821705294487e-02
1.533396531865354080e-02
1.558964316595502948e-02
1.588684829842972740e-02
1.621811540073814922e-02
1.657604659746434589e-02
1.695343380531279601e-02
1.734334918366353673e-02
1.773921750116712673e-02
1.813488041462283859e-02
1.852465799743278213e-02
1.890340860119087835e-02
1.926658497327703862e-02
1.961028272723037286e-02
1.993127671347741381e-02
2.022704133924230208e-02
2.049575213823758360e-02
2.073626758020965383e-02
2.094809194585197168e-02
2.113132182022833122e-02
2.128658016977745537e-02
2.141494290688034444e-02
2.151786320961000462e-02
2.159709861049537161e-02
2.165464501923875310e-02
2.169268048862188145e-02
2.171351982079434279e-02
2.171957924464701720e-02
2.171334860933340702e-02
2.169736707884910298e-02
2.167419740404118514e-02
2.164639367011530688e-02
2.161645807303767125e-02
2.158678377115643907e-02
2.155958307557571257e-02
2.153680294665374917e-02
2.152003260272091628e-02
2.151041058924460514e-02
2.150854045300016823e-02
2.151442483407240563e-02
2.152742710412147015e-02
2.154626764577820611e-02
2.156905873936619880e-02
2.159337826287287959e-02
2.161637859308971829e-02
2.163492377598427024e-02
2.164574563297373341e-02
2.164560819991654533e-02
2.163146975309102049e-02
2.160063248379530398e-02
2.155087136485655044e-02
2.148053561264104405e-02
2.138861813231348469e-02
2.127479026228051157e-02
2.113940090945646069e-02
2.098344076634032357e-02
2.080847375112185663e-02
2.061653916568876449e-02
2.041002937552105143e-02
2.019154910815756584e-02
1.996376372839928082e-02
1.972924500899556066e-02
1.949032384950001584e-02
1.924895993492727747e-02
1.900663828877430586e-02
1.876430191171827092e-02
1.852232813616641952e-02
1.828055401119674239e-02
1.803835313036177695e-02
1.779476309171769757e-02
1.754865953597374573e-02
1.729896969985490057e-02
1.704491578099411736e-02
1.678627610172287940e-02
1.652364987171997882e-02
1.625870894518905568e-02
1.599441698335212284e-02
1.573519265367010964e-02
1.548698913184002636e-02
1.525725823257802378e-02
1.505476620920524929e-02
1.488923325600404086e-02
1.477078444488096748e-02
1.470922941868256506e-02
1.471323006638939647e-02
1.478945983424489151e-02
1.494188755264951735e-02
1.517131416691870453e-02
1.547524538987121549e-02
1.584810957730500153e-02
1.628175589018853939e-02
1.676612034584243696e-02
1.728993845104946983e-02
1.784140599275771746e-02
1.840872744739930136e-02
1.898052854101244663e-02
1.954613691185702259e-02
2.009575074549873122e-02
2.062052186154235411e-02
2.111258035524449239e-02
2.156502534693628681e-02
2.197190247700019083e-02
2.232818444545266526e-02
2.262976652417692316e-02
2.287348468917221531e-02
2.305715986359715627e-02
2.317966776041746266e-02
2.324103001560319168e-02
2.324251876694830368e-02
2.318676360755409643e-02
2.307784695697562630e-02
2.292137137679508413e-02
2.272448029288811136e-02
2.249581219931964457e-02
2.224536819779227015e-02
2.198427453575318644e-02
2.172442690200230425e-02
2.147801305846967074e-02
2.125692596188154260e-02
2.107210048751916032e-02
2.093283031475206071e-02
2.084614154952233595e-02
2.081630837126241182e-02
2.084458664671470091e-02
2.092921240890087062e-02
2.106566923572252004e-02
2.124718382053979518e-02
2.146537527071099016e-02
2.171096893301716416e-02
2.197449025045389304e-02
2.224687253254364894e-02
2.251993650109403167e-02
2.278672231430834555e-02
2.304167278127200805e-02
2.328067884366457826e-02
2.350100606579223414e-02
2.370112535338274665e-02
2.388047371039384720e-02
2.403917227176514612e-02
2.417772927404484434e-02
2.429675480431307127e-02
2.439671172330134044e-02
2.447772283885381317e-02
2.453944828377860321e-02
2.458103961143124488e-02
2.460116920353069836e-02
2.459812620755433971e-02
2.456996434404130555e-02
2.451468322283451018e-02
2.443042354332958938e-02
2.431565756543159831e-02
2.416935903639984631e-02
2.399114068195968077e-02
2.378135173824277859e-02
2.354113223458454904e-02
2.327242441958137301e-02
2.297794461439535765e-02
2.266112079423912920e-02
2.232600237581697580e-02
2.197714913774440060e-02
2.161950607754032846e-02
2.125827048222680635e-02
2.089875672364930465e-02
2.054626342771583014e-02
2.020594682125314429e-02
1.988270330515815032e-02
1.958106366974147680e-02
1.930510084783463795e-02
1.905835264931738868e-02
1.884376047390582537e-02
1.866362449660937187e-02
1.851957522888540708e-02
1.841256069284829405e-02
1.834284777666121691e-02
1.831003578272694110e-02
1.831307986888574754e-02
1.835032212409157953e-02
1.841952845741888500e-02
1.851793026841777948e-02
1.864227087659180160e-02
1.878885772582786565e-02
1.895362223486001668e-02
1.913218965312493344e-02
1.931996128183924993e-02
1.951221089410447654e-02
1.970419617789908456e-02
1.989128463889500847e-02
2.006909178155084558e-02
2.023362769376985462e-02
2.038144653928910394e-02
2.050979203714434554e-02
2.061673087893718323e-02
2.070126528501211108e-02
2.076341560903393127e-02
2.080426415703015910e-02
2.082595230398640723e-02
2.083162470242975670e-02
2.082531701833004525e-02
2.081178728893828822e-02
2.079629563979539311e-02
2.078434246837142577e-02
2.078138073821405446e-02
2.079252284176184157e-02
2.082226546835088885e-02
2.087425597305994640e-02
2.095112020174179704e-02
2.105436467455757549e-02
2.118435649348172564e-02
2.134037413798657579e-02
2.152071357976593352e-02
2.172282869440448488e-02
2.194348373962220697e-02
2.217889860408418443e-02
2.242487357899659861e-02
2.267688799813413411e-02
2.293017457543579038e-02
2.317977727037450961e-02
2.342060415393464393e-02
2.364748771262475610e-02
2.385526349548844696e-02
2.403887453361472012e-02
2.419350430887863904e-02
2.431473603159194086e-02
2.439873132544548295e-02
2.444241764413308815e-02
2.444367116064794301e-02
2.440148056661374520e-02
2.431607712525611642e-02
2.418901728541084442e-02
2.402320602880349265e-02
2.382285179087155827e-02
2.359334726112416111e-02
2.334107471207368459e-02
2.307313983245922948e-02
2.279704436902258227e-02
2.252031498084816272e-02
2.225011293587634761e-02
2.199285547992806816e-02
2.175388331884348797e-02
2.153720804457631005e-02
2.134536739627225510e-02
2.117940501061235659e-02
2.103897630495462495e-02
2.092256615891008309e-02
2.082779042039533887e-02
2.075174470344162692e-02
2.069136179330178724e-02
2.064374286679076728e-02
2.060643597455777409e-02
2.057764550470957132e-02
2.055636645000654544e-02
2.054244561192964530e-02
2.053657751960231634e-02
2.054024563344251236e-02
2.055561968699209582e-02
2.058541850455333083e-02
2.063274524432555032e-02
2.070089976176160348e-02
2.079317158704154650e-02
2.091261750951654147e-02
2.106183013676801719e-02
2.124270762167917645e-02
2.145623901446352955e-02
2.170232300916771773e-02
2.197963884672534188e-02
2.228558592295115312e-02
2.261630317507319632e-02
2.296677143171164254e-02
2.333099310296789242e-02
2.370223552707655459e-02
2.407331833187853834e-02
2.443692204423203798e-02
2.478589494487276959e-02
2.511353736120982422e-02
2.541384649282005942e-02
2.568170971495683380e-02
2.591303945269380488e-02
2.610484767022399830e-02
2.625526243252756034e-02
2.636349263762064951e-02
2.642974973086171034e-02
2.645513690028314380e-02
2.644151687367423884e-02
2.639136902503639442e-02
2.630764516762334679e-02
2.619363137602829378e-02
2.605282074222486227e-02
2.588879949330081739e-02
2.570514676031620746e-02
2.550534682234726833e-02
2.529271208471285323e-02
2.507031545439649192e-02
2.484093203017373810e-02
2.460699182786958358e-02
2.437054716780217775e-02
2.413325984919054146e-02
2.389641384197369739e-02
2.366095858754490439e-02
2.342758597550979177e-02
2.319684076381365104e-02
2.296925998058334598e-02
2.274553220552930424e-02
2.252666317402617080e-02
2.231413046756672638e-02
2.211000767881154960e-02
2.191703782847425480e-02
2.173863738042816976e-02
2.157881633230937860e-02
2.144200683982420280e-02
2.133280268327760257e-02
2.125562406854412251e-02
2.121433538254393486e-02
2.121185524494723432e-02
2.124980551923871808e-02
2.132824607517077101e-02
2.144553360490622854e-02
2.159832656446349086e-02
2.178173761807867398e-02
2.198961450002753434e-02
2.221491442803620944e-02
2.245012881785599101e-02
2.268771441646886058e-02
2.292049249613709733e-02
2.314198689683816951e-02
2.334668201262683415e-02
2.353019153147849207e-02
2.368933695244299087e-02
2.382214138869387376e-02
2.392774907146415220e-02
2.400628456370598740e-02
2.405866818237204288e-02
2.408640559541276246e-02
2.409136996547843468e-02
2.407559425885337848e-02
2.404108935158503352e-02
2.398970037811462216e-02
2.392300957762449540e-02
2.384228907229073505e-02
2.374850206751439805e-02
2.364234645498999865e-02
2.352433122700069504e-02
2.339487382461658341e-02
2.325440568453077117e-02
2.310347374632379727e-02
2.294282729055918679e-02
2.277348185661164093e-02
2.259675477530430007e-02
2.241426972516740238e-02
2.222793044085314210e-02
2.203986611387603184e-02
2.185235305024365443e-02
2.166771875760632737e-02
2.148823581953089243e-02
2.131601366903191838e-02
2.115289667651631608e-02
2.100037678304041838e-02
2.085952819805441533e-02
2.073097041493546927e-02
2.061486398410671689e-02
2.051094117688719021e-02
2.041857098079100791e-02
2.033685494290469672e-02
2.026474740936467719e-02
2.020119090170436130e-02
2.014525494187425700e-02
2.009626481769170511e-02
2.005390582389571241e-02
2.001828870691770013e-02
1.998996369051401698e-02
1.996987384443685287e-02
1.995924383692865636e-02
1.995940717931868336e-02
1.997158340832133963e-02
1.999662522748738361e-02
2.003476294455109816e-02
2.008537788589166012e-02
2.014683638233021393e-02
2.021641072674149400e-02
2.029030369678111803e-02
2.036378048900044577e-02
2.043139864865711752e-02
2.048731526140857781e-02
2.052564309007137364e-02
2.054082421486575633e-02
2.052799073575517150e-02
2.048328616360365825e-02
2.040412693282522144e-02
2.028938979081987629e-02
2.013951676688034015e-02
1.995653449504605076e-02
1.974398871333014199e-02
1.950679790986162288e-02
1.925103264831587099e-02
1.898362950513281244e-02
1.871205123524843222e-02
1.844390809470184897e-02
1.818655926254930319e-02
1.794671764978257936e-02
1.773008513499996913e-02
1.754104703275356086e-02
1.738245288922938073e-02
1.725550453687487926e-02
1.715976189700799820e-02
1.709326389632119525e-02
1.705274874607587421e-02
1.703394759531519365e-02
1.703192023048702083e-02
1.704140156513028748e-02
1.705713217632103679e-02
1.707415324355776934e-02
1.708805396265753937e-02
1.709516634828105869e-02
1.709270751572739694e-02
1.707887288662972985e-02
1.705288553234180979e-02
1.701500744511509969e-02
1.696651828359333966e-02
1.690966634874787808e-02
1.684759537906864099e-02
1.678424932450516688e-02
1.672425570002170070e-02
1.667278665471805602e-02
1.663539588007994022e-02
1.661782940408994269e-02
1.662580968742173940e-02
1.666479560114574390e-02
1.673972575382985314e-02
1.685475854703168130e-02
1.701302789665555190e-02
1.721643698472019243e-02
1.746551209895196716e-02
1.775933383998636733e-02
1.809555431208800455e-02
1.847049819118738376e-02
1.887933522892759619e-02
1.931630399526090142e-02
1.977496274541369267e-02
2.024844334528958650e-02
2.072968744608819081e-02
2.121164939575732183e-02
2.168745655567642927e-02
2.215052384631272658e-02
2.259462485847534355e-02
2.301392634938360937e-02
2.340299615200740896e-02
2.375679631120327165e-02
2.407067355453999108e-02
2.434035804912880116e-02
2.456197896066662431e-02
2.473210193041559465e-02
2.484778965122228650e-02
2.490668275167004508e-02
2.490709467944434569e-02
2.484811162540320750e-02
2.472968703055985693e-02
2.455271998978480336e-02
2.431910786827024690e-02
2.403176550308373793e-02
2.369460619832369080e-02
2.331248300937626555e-02
2.289109220374482487e-02
2.243684394988538361e-02
2.195670792170050650e-02
2.145804336241041027e-02
2.094842403431838515e-02
2.043546827091409154e-02
1.992668301773972001e-02
1.942932838708328822e-02
1.895030608533028113e-02
1.849607147674580537e-02
1.807256553781738662e-02
1.768516013743269555e-02
1.733860855584901453e-02
1.703699340364890971e-02
1.678366630823866987e-02
1.658117766374484631e-02
1.643119967030072168e-02
1.633445069746240416e-02
1.629063242235428977e-02
1.629839218457052388e-02
1.635532116338602598e-02
1.645799474663059078e-02
1.660205597066091027e-02
1.678233761973128152e-02
1.699301471576525682e-02
1.722777733291411956e-02
1.748001385447276942e-02
1.774299634576255447e-02
1.801006183462057833e-02
1.827478525416047564e-02
1.853114116013393486e-02
1.877365193812219682e-02
1.899752015521097293e-02
1.919874222153321666e-02
1.937419989608888879e-02
1.952172567240542320e-02
1.964013793651210593e-02
1.972924216016265150e-02
1.978979536468642580e-02
1.982343268467922498e-02
1.983255702500386075e-02
1.982019541288381967e-02
1.978982849050887199e-02
1.974520237871840375e-02
1.969013450112809538e-02
1.962832648353360701e-02
1.956319755382626702e-02
1.949775069499775845e-02
1.943448108634586446e-02
1.937533231449137944e-02
1.932170092876716802e-02
1.927448483649587402e-02
1.923416652320708922e-02
1.920091877666467092e-02
1.917471888919174833e-02
1.915545730946707076e-02
1.914302823912551049e-02
1.913739236413958614e-02
1.913860534791513024e-02
1.914680948668825988e-02
1.916218970542019062e-02
1.918489859806627243e-02
1.921495828377614914e-02
1.925214927026821024e-02
1.929589809612939147e-02
1.934517608555139795e-02
1.939842096584025455e-02
1.945349135199486712e-02
1.950766132706947820e-02
1.955765883422315443e-02
1.959974775936272617e-02
1.962984987992261177e-02
1.964369969869604604e-02
1.963702286632800983e-02
1.960572756138859868e-02
1.954609783241535031e-02
1.945497838955300221e-02
1.932994148162013939e-02
1.916942811160998739e-02
1.897285775213818776e-02
1.874070277537981735e-02
1.847452589009234911e-02
1.817698087565393014e-02
1.785177871054320978e-02
1.750362268292294035e-02
1.713811709062663599e-02
1.676165451290514974e-02
1.638128619699291688e-02
1.600457873531609121e-02
1.563945794105845929e-02
1.529403794142240522e-02
1.497643064835058394e-02
1.469452900710093053e-02
1.445575814543890655e-02
1.426679304868967886e-02
1.413325017778708712e-02
1.405937242789709676e-02
1.404773885445846811e-02
1.409903809134023869e-02
1.421194318102207178e-02
1.438311423112268242e-02
1.460733660961666992e-02
1.487778217152419674e-02
1.518636548445204994e-02
1.552415982353480724e-02
1.588183873874707275e-02
1.625011537644830209e-02
1.662015976389396438e-02
1.698398105328567317e-02
1.733476583819736072e-02
1.766716494119118311e-02
1.797752013056364007e-02
1.826401997365402138e-02
1.852677147500473090e-02
1.876777232772201473e-02
1.899076866901988625e-02
1.920098642011420359e-02
1.940473178860772918e-02
1.960886902379469637e-02
1.982020062581358461e-02
