3.772664920792957038e-02
3.718946379718852252e-02
3.657055920899168755e-02
3.588102357999820025e-02
3.513361770608619539e-02
3.434239880595895550e-02
3.352228650870957977e-02
3.268859114493269380e-02
3.185652731219908856e-02
3.104073749129820925e-02
3.025485075730668938e-02
2.951109986122148893e-02
2.882001577041146817e-02
2.819021211470557758e-02
2.762826343649688390e-02
2.713867192336414519e-02
2.672390918614871158e-02
2.638451450084912039e-02
2.611923007650569784e-02
2.592515753725497044e-02
2.579792676639944618e-02
2.573187635647544713e-02
2.572025161727889073e-02
2.575542941149836992e-02
2.582917815509147910e-02
2.593295657374576277e-02
2.605824766553505728e-02
2.619691659356119390e-02
2.634157453859398493e-02
2.648592593593336597e-02
2.662507441383139481e-02
2.675576305461784682e-02
2.687652697617350789e-02
2.698774032784881025e-02
2.709154538928475534e-02
2.719165848727275042e-02
2.729305590251078495e-02
2.782725960326639519e-02
3.308188581311578141e-02
3.416978752432303645e-02
3.490150657455150934e-02
3.009004934255380889e-02
3.075039589102091311e-02
3.069607038943257538e-02
3.062527696938975239e-02
2.966723387861586181e-02
2.964789693253215216e-02
2.963415898145456764e-02
2.962605424366809848e-02
2.962174323076389656e-02
2.961771429334144126e-02
2.960913952429625184e-02
2.959034880375087384e-02
2.955537761910139935e-02
2.949854209879149494e-02
2.941499735834771437e-02
2.930124092662592106e-02
2.915552980191038826e-02
2.897818616142696160e-02
2.877177223259982236e-02
2.854111941406428307e-02
2.829320114074417025e-02
2.803684440404000458e-02
2.778228263005455556e-02
2.754056393086201995e-02
2.732284392541998660e-02
2.713961024713456432e-02
2.699990339605453510e-02
2.691061081044133010e-02
2.687591242969707139e-02
2.689694286886208999e-02
2.697170806835266776e-02
2.709525850283799053e-02
2.726008589793442460e-02
2.745668505808023310e-02
2.767421225218663974e-02
2.790117652244037891e-02
2.812611555559653073e-02
2.833822667151026861e-02
2.852794000291938512e-02
2.868743126700951801e-02
2.881107436829199314e-02
2.889583005610206479e-02
2.894155775037451916e-02
2.895122574192019599e-02
2.893098287213196479e-02
2.889004552540576712e-02
2.884035102551655433e-02
2.879593673435483156e-02
2.877202775407122423e-02
2.878385767242926455e-02
2.884530376127874413e-02
2.896747984043957988e-02
2.915747776874712260e-02
2.941746048673180361e-02
2.974427180418609887e-02
3.012964483220332418e-02
3.056098583987358966e-02
3.102261631695574576e-02
3.149729907221505976e-02
3.196786216144677922e-02
3.241875755319031244e-02
3.283743131393480202e-02
3.321542172929305842e-02
3.354913118967844249e-02
3.384023454605070841e-02
3.409569433153753631e-02
3.432735838521290550e-02
3.455112609664238305e-02
3.478569356148339398e-02
3.505093054321021390e-02
3.536600214031328238e-02
3.574741457218769819e-02
3.620721653580136895e-02
3.675160011035673302e-02
3.738010132418024406e-02
3.808550367707974615e-02
3.885442452070099473e-02
3.966845243248325048e-02
4.050563498885466351e-02
4.134210179179510086e-02
4.215363750591386016e-02
4.291707318745367761e-02
4.361142098955121671e-02
4.421872441593054093e-02
4.472462895715058340e-02
4.511869719182511757e-02
4.539450179316643214e-02
4.554953308274634072e-02
4.558495766255155762e-02
4.550526295061698562e-02
4.531781993482077858e-02
4.503239334493275292e-02
4.466062466563255201e-02
4.421550891787865561e-02
4.371088105613800401e-02
4.316092258348615263e-02
4.257969427887327296e-02
4.198069764002462789e-02
4.137646661259775788e-02
4.077819291590848577e-02
4.019539268045753400e-02
3.963562825583811372e-02
3.910430520089003270e-02
3.860456841604762573e-02
3.813732101382742712e-02
3.770138356486583270e-02
3.729379990901656589e-02
3.691028041049564806e-02
3.654575709535475003e-02
3.619501054613281227e-02
3.585331812574472227e-02
3.551706823086257792e-02
3.518428572648009400e-02
3.485501852139211848e-02
3.453154325400186603e-02
3.421835855662438974e-02
3.392194743534276274e-02
3.365030673623051888e-02
3.341226240050659824e-02
3.321661429879419619e-02
3.307118188623334176e-02
3.298184694548260409e-02
3.295170515272904943e-02
3.298043680402340527e-02
3.306398469807751012e-02
3.319458602486163867e-02
3.336115398468930682e-02
3.354995634848939590e-02
3.374550361968729761e-02
3.393154474683890420e-02
3.409207260540221551e-02
3.421225898453880698e-02
3.427926227914511459e-02
3.428287442125652063e-02
3.421599321116960274e-02
3.407492092035295517e-02
3.385950014221639909e-02
3.357310424424100881e-02
3.322250321158724123e-02
3.281762654048626243e-02
3.237124308168242565e-02
3.189857307327689795e-02
3.141683993308629769e-02
3.094475929737316652e-02
3.050195216698919909e-02
3.010826140637494833e-02
2.978295128491963151e-02
2.954378349126731210e-02
2.940599279134009647e-02
2.938122790375475787e-02
2.947656667196831351e-02
2.969374149573686048e-02
3.002870493596150256e-02
3.047162147466750057e-02
3.100730128271379088e-02
3.161601917951122748e-02
3.227461003916984317e-02
3.295771229615411524e-02
3.363904092395461620e-02
3.429259815624678687e-02
3.489376113009615143e-02
3.542021178138381882e-02
3.585269246900164852e-02
3.617558162213339173e-02
3.637728955570781325e-02
3.645047791646714719e-02
3.639210877254983600e-02
3.620333212653241428e-02
3.588922399089475301e-02
3.545839111991213460e-02
3.492246286479713108e-02
3.429549515803990284e-02
3.359331604704999391e-02
3.283284613177253619e-02
3.203143024418719093e-02
3.120621810218484823e-02
3.037363067547431406e-02
2.954894475142135629e-02
2.874601997548583907e-02
2.797718023432117784e-02
2.725324523018255243e-02
2.658369005343724778e-02
2.597689302992366167e-02
2.544041820589474853e-02
2.498127161681278768e-02
2.460607238497221003e-02
2.432109190027547177e-02
2.413213636448347660e-02
2.404427721900585790e-02
2.406146547009280906e-02
2.418609272415847902e-02
2.441857643896219732e-02
2.475704429879093532e-02
2.519717252844011837e-02
2.573220112797236156e-02
2.635311519558752175e-02
2.704895534436106350e-02
2.780720734046068093e-02
2.861422166157568878e-02
2.945562370508203812e-02
3.031668941432650102e-02
3.118267456557488257e-02
3.203909625380321757e-02
3.287197149250723621e-02
3.366802076746511913e-02
3.441484481749530755e-02
3.510108182315115760e-02
3.571655031252177898e-02
3.625238092768032216e-02
3.670113801895254907e-02
3.705693001165105693e-02
3.731550573964238088e-02
3.747433257888995589e-02
3.753265137162170584e-02
3.749150294010684947e-02
3.735372155547219547e-02
3.712389209910548632e-02
3.680826978564837731e-02
3.641466404075564128e-02
3.595229114392409220e-02
3.543160312909278409e-02
3.486410265519022944e-02
3.426215454009255701e-02
3.363880385489758512e-02
3.300760751008278981e-02
3.238248102954487118e-02
3.177755504787736079e-02
3.120702792099888309e-02
3.068499333758988729e-02
3.022521722380562895e-02
2.984083914111927346e-02
2.954398202404346155e-02
2.934527128970133153e-02
2.925328822258290926e-02
2.927400790452351978e-02
2.941029100953410774e-02
2.966150367374268890e-02
3.002332624417494711e-02
3.048778239413724167e-02
3.104348354179445671e-02
3.167605100251318778e-02
3.236865868945442565e-02
3.310263550113157899e-02
3.385807602208691647e-02
3.461442477144553720e-02
3.535101677627267014e-02
3.604757142419056509e-02
3.668464547565349065e-02
3.724405480539243196e-02
3.770927396763279482e-02
3.806581945724672733e-02
3.830161789716115400e-02
3.840735537238024189e-02
3.837679948484516018e-02
3.820708185543414404e-02
3.789892592715301406e-02
3.745680299195946333e-02
3.688899817761933514e-02
3.620756741028138131e-02
3.542816586651601624e-02
3.456972811900033138e-02
3.365398052624091890e-02
3.270476870261448260e-02
3.174718951178253507e-02
3.080653137489147014e-02
2.990705237214105056e-02
2.907066426781354171e-02
2.831563850287550921e-02
2.765549527962886736e-02
2.709825904929961948e-02
2.664624207202389433e-02
2.629644326852128774e-02
2.604153610839290284e-02
2.587130173569300584e-02
2.577428140968860207e-02
2.573939867672474235e-02
2.575733324737897179e-02
2.582149291862208609e-02
2.592850147568310018e-02
2.607818319241435312e-02
2.627307472625689533e-02
2.651753721113673384e-02
2.681658014056872638e-02
2.717454397506270658e-02
2.759381307672137060e-02
2.807373337801422758e-02
2.860988167586566225e-02
2.919377660598746968e-02
2.981304775628398906e-02
3.045200849488520836e-02
3.109252755085051972e-02
3.171507277206280645e-02
3.229980570258520617e-02
3.282762856286242786e-02
3.328111524401209526e-02
3.364528689446174420e-02
3.390821628377197611e-02
3.406146228116509189e-02
3.410034719727277758e-02
3.402409666810230632e-02
3.383586524832685877e-02
3.354267142344357494e-02
3.315526328115948190e-02
3.268793011818817151e-02
3.215826516084936693e-02
3.158686996583603968e-02
3.099697247494248575e-02
3.041391054986988113e-02
2.986441661924806729e-02
2.937563622806037972e-02
2.897383609455223344e-02
2.868281621968131467e-02
2.852213496862079228e-02
2.850536375367028127e-02
2.863866422715615270e-02
2.891997627424089390e-02
2.933899881801559431e-02
2.987796942345987208e-02
3.051307531046986571e-02
3.121622610639808795e-02
3.195691196891756874e-02
3.270393578727646966e-02
3.342689951073694876e-02
3.409740455315497104e-02
3.468997769379289497e-02
3.518275740416185876e-02
3.555797974321206478e-02
3.580229732122185149e-02
3.590695616887527863e-02
3.586784742002890186e-02
3.568544499321804619e-02
3.536463708197595118e-02
3.491445778145342571e-02
3.434772496713176665e-02
3.368059103810507743e-02
3.293201394531159593e-02
3.212315686558672723e-02
3.127672602695381887e-02
3.041625786982075225e-02
2.956536948655708041e-02
2.874699071467843800e-02
2.798260267982765129e-02
2.729151551685764926e-02
2.669022566066572150e-02
2.619189728255116867e-02
2.580600926177045035e-02
2.553819576635400421e-02
2.539028568265302988e-02
2.536051893013537353e-02
2.544389450260008470e-02
2.563259378434752656e-02
2.591642669338895671e-02
2.628326471425004862e-02
2.671944664011806359e-02
2.721016187825332430e-02
2.773982716720165345e-02
2.829247417439018433e-02
2.885215961464733525e-02
2.940339972247252298e-02
2.993162052482302438e-02
3.042360681096326763e-02
3.086792720053958827e-02
3.125531053135738313e-02
3.157894961207181189e-02
3.183471166415328263e-02
3.202123994028641812e-02
3.213993754481878767e-02
3.219483194947421467e-02
3.219232665579999791e-02
3.214085440217546996e-02
3.205045361795842013e-02
3.193229570812654294e-02
3.179819431694538845e-02
3.166012810659534632e-02
3.152980520136092896e-02
3.141829025732881253e-02
3.133570490573603373e-02
3.129100076370729816e-02
3.129179366425915293e-02
3.134424072053258042e-02
3.145294019374574729e-02
3.162083846198172205e-02
3.184913759940700972e-02
3.213720858648667911e-02
3.248252561367179214e-02
3.288064320868845647e-02
3.332523816026300434e-02
3.380823238904690636e-02
3.432000270807162440e-02
3.484967154236903036e-02
3.538546196297351343e-02
3.591509293827731958e-02
3.642618748105379972e-02
3.690666723024402934e-02
3.734511104439795087e-02
3.773106116235511176e-02
3.805526720715943917e-02
3.830986482284187006e-02
3.848849141165787413e-02
3.858634594457318462e-02
3.860020303339826292e-02
3.852839340408036745e-02
3.837076369783221780e-02
3.812862827612036737e-02
3.780472453338897670e-02
3.740318121002676743e-02
3.692950638006349540e-02
3.639059813910928282e-02
3.579477646117207312e-02
3.515182912128400616e-02
3.447305791212890158e-02
3.377130366783980681e-02
3.306092021988323720e-02
3.235765933377078574e-02
3.167842287369941612e-02
3.104083815535913643e-02
3.046262209588748021e-02
2.996072392857535363e-02
2.955027721029611712e-02
2.924344601605604471e-02
2.904830512477386828e-02
2.896792929195423499e-02
2.899986167054880229e-02
2.913607725053445757e-02
2.936346589446241911e-02
2.966476127114767505e-02
3.001976988828453791e-02
3.040672765950333881e-02
3.080362813977834124e-02
3.118940972339259363e-02
3.154493848852405607e-02
3.185376465402286333e-02
3.210265803939838652e-02
3.228194225619777924e-02
3.238565238910562361e-02
3.241154074092351955e-02
3.236095290766357463e-02
3.223859383978534138e-02
3.205220143167197139e-02
3.181214371993233009e-02
3.153095481102909797e-02
3.122282398139782783e-02
3.090305186029967607e-02
3.058748722910964446e-02
3.029195790935962015e-02
3.003170969144415905e-02
2.982086841834406463e-02
2.967194205516229810e-02
2.959538130350992946e-02
2.959921811641845826e-02
2.968880023851497643e-02
2.986663584370245761e-02
3.013235544990953280e-02
3.048278953014368561e-02
3.091215134306382270e-02
3.141230734602260682e-02
3.197311343867285938e-02
3.258279454154927590e-02
3.322834701821260339e-02
3.389594702739372190e-02
3.457135182193939865e-02
3.524028439896809139e-02
3.588879432356679999e-02
3.650358898539994568e-02
3.707233025804355236e-02
3.758389187572111489e-02
3.802857317055630126e-02
3.839826539496064145e-02
3.868656785078786187e-02
3.888885251205282528e-02
3.900227771371748281e-02
3.902575365238779292e-02
3.895986470590953599e-02
3.880675568306113377e-02
3.856999079896406696e-02
3.825439518722056204e-02
3.786588890586218420e-02
3.741132255524944050e-02
3.689832180183585247e-02
3.633514542741860670e-02
3.573055827349309876e-02
3.509371702156697387e-02
3.443406362488242445e-02
3.376121889627525102e-02
3.308486773164498462e-02
3.241462806080908782e-02
3.175989801969478915e-02
3.112967990552392358e-02
3.053238474909840752e-02
2.997562700000679786e-02
2.946602376025389894e-02
2.900901598437368931e-02
2.860872902504225934e-02
2.826788631608320029e-02
2.798778317921939846e-02
2.776831900896063743e-02
2.760807745840965222e-02
2.750443792869290000e-02
2.745369935463919456e-02
2.745119959533745893e-02
2.749142000645325712e-02
2.756807325798435460e-02
2.767418093151893105e-02
2.780215381275974451e-02
2.794389072099795479e-02
2.809091079908051375e-02
2.823452998368382663e-02
2.836608611375768946e-02
2.847721030671991616e-02
2.856013619513032148e-02
2.860803430513726361e-02
2.861535664916416144e-02
2.857817633289899337e-02
2.849450804220735045e-02
2.836459679946053136e-02
2.819116335066678899e-02
2.797959396542722826e-02
2.773805947283405557e-02
2.747754259587540174e-02
2.721174444572430420e-02
2.695683208655080820e-02
2.673098300882860781e-02
2.655368498633482038e-02
2.644476832053367990e-02
2.642318751966203985e-02
2.650562998289056685e-02
2.670509739452476758e-02
2.702965621806718496e-02
2.748155878611923883e-02
2.805688166893869143e-02
2.874572608940066665e-02
2.953291304568283343e-02
3.039902431563816856e-02
3.132161200497929343e-02
3.227641970265660021e-02
3.323850617874769819e-02
3.418321444418698923e-02
3.508696976109859644e-02
3.592791498721010363e-02
3.668640254285219365e-02
3.734536407665842161e-02
3.789057617151438129e-02
3.831083641999381145e-02
3.859806071505719749e-02
3.874731037096839498e-02
3.875675676308198286e-02
3.862759124951788831e-02
3.836388875468995513e-02
3.797243405691205775e-02
3.746252005660759971e-02
3.684572669677615292e-02
3.613568744420870421e-02
3.534784712502418713e-02
3.449921042016398237e-02
3.360807468666077158e-02
3.269373454622357539e-02
3.177613992561643952e-02
3.087548561909355879e-02
3.001171131188351895e-02
2.920389909942994536e-02
2.846957317118056427e-02
2.782393379565319819e-02
2.727909130509524605e-02
2.684339637697502612e-02
2.652097749349466294e-02
2.631158309696609438e-02
2.621078122602732083e-02
2.621050330959288563e-02
2.629985227251013455e-02
2.646605029530542733e-02
2.669539083147625183e-02
2.697408076505339314e-02
2.728889918497967582e-02
2.762764385512795490e-02
2.797937372702292286e-02
2.833448068541583389e-02
2.868463609958729274e-02
2.902266025460882234e-02
2.934235853896982951e-02
2.963836011757995173e-02
2.990598478047526432e-02
3.014115320993783140e-02
3.034034614268143679e-02
3.050060963187128590e-02
3.061959739862711236e-02
3.069563739931429475e-02
3.072780823539018533e-02
3.071601164194082828e-02
3.066102954051937168e-02
3.056455742774089393e-02
3.042920954245359119e-02
3.025849469578206080e-02
3.005676434974833763e-02
2.982913614202112318e-02
2.958139642967046179e-02
2.931988464684077630e-02
2.905136066203011999e-02
2.878285442138088165e-02
2.852149567544223427e-02
2.827432125669304686e-02
2.804805883520773702e-02
2.784888964072228246e-02
2.768219808990425926e-02
2.755232274107270382e-02
2.746232905547985048e-02
2.741382828958724080e-02
2.740686686367491826e-02
2.743990588927036622e-02
2.750990151429359362e-02
2.761248491303251382e-02
2.774222847697226449e-02
2.789297451197795055e-02
2.805819634130662932e-02
2.823135991030320535e-02
2.840625647102523049e-02
2.857728262922542423e-02
2.873965160208379402e-02
2.888952768709045563e-02
2.902408369695072543e-02
2.914148782070942120e-02
2.924083164409415833e-02
2.932201469366912255e-02
2.938560275424696722e-02
2.943267731647410471e-02
2.946469189697320523e-02
2.948334781027591930e-02
2.949049758045632630e-02
2.948807903432671892e-02
2.947807781547069975e-02
2.946251126090175879e-02
2.944342293216545975e-02
2.942287512628422724e-02
2.940292676212400910e-02
2.938558625693854162e-02
2.937273321089518482e-02
2.936600844607810748e-02
2.936667846123910963e-02
2.937548669720452948e-02
2.939250907852522868e-02
2.941703408671112602e-02
2.944748739719938932e-02
2.948141763965168166e-02
2.951555349930963176e-02
2.954593413126128248e-02
2.956810606355868634e-02
2.957737185300782223e-02
2.956906992244258056e-02
2.953886197399763214e-02
2.948300431399114227e-02
2.939858203338030496e-02
2.928368962954528212e-02
2.913754754886456466e-02
2.896055049030445833e-02
2.875424943725497784e-02
2.852127469712658486e-02
2.826521127036669273e-02
2.799044031276914923e-02
2.770196110469231449e-02
2.740520677145518932e-02
2.710586418876228046e-02
2.680970446974082974e-02
2.652242581850359701e-02
2.624950619114779782e-02
2.599606004915764809e-02
2.576669235035107877e-02
2.556534432776523882e-02
2.539512958861573147e-02
2.525816502941746755e-02
2.515540779991447262e-02
2.508651543131594150e-02
2.504974961403995393e-02
2.504194375693802668e-02
2.505855004235963204e-02
2.509377390934543206e-02
2.514079431589577585e-02
2.519205870452411247e-02
2.523963408064049813e-02
2.527559111424936347e-02
2.529239696675989954e-02
2.528329418737381221e-02
2.524264665451770445e-02
2.516623818261086096e-02
2.505151421178855586e-02
2.489776130020450451e-02
2.470622251039034101e-02
2.448014895107833086e-02
2.422478854666873516e-02
2.394731250585628232e-02
2.365667805208243255e-02
2.336342313539702814e-02
2.307938587144461873e-02
2.281733971912783612e-02
2.259053683728237671e-02
2.241215877132672965e-02
2.229468706119846697e-02
2.224922599315551017e-02
2.228483179088753402e-02
2.240792001072347897e-02
2.262182747079098319e-02
2.292659113342921523e-02
2.331897501262758174e-02
2.379273588207523465e-02
2.433908172636088663e-02
2.494725390419449268e-02
2.560515880390644775e-02
2.629998441829752703e-02
2.701875495564786886e-02
2.774879553815882971e-02
2.847809483049595566e-02
2.919556455011109233e-02
2.989120171255778627e-02
3.055616350225183811e-02
3.118276717719294447e-02
3.176442932776592232e-02
3.229556049998693473e-02
3.277143261448924733e-02
3.318803745230630015e-02
3.354195433942104565e-02
3.383024371476262698e-02
3.405038036248532463e-02
3.420023582110172378e-02
3.427811418241090424e-02
3.428283968070385684e-02
3.421388875504884769e-02
3.407155422856631560e-02
3.385712534834383475e-02
3.357306493932432634e-02
3.322316391298808791e-02
3.281265373625648352e-02
3.234825901255042324e-02
3.183817486108728168e-02
3.129195720487094878e-02
3.072031846369405877e-02
3.013482675426749913e-02
2.954751390067066399e-02
2.897040665443968363e-02
2.841500641660507642e-02
2.789175455520005731e-02
2.740953114556949483e-02
2.697524162631271052e-02
2.659354509550270265e-02
2.626676729928162021e-02
2.599502063817259526e-02
2.577652571287756753e-02
2.560809965448278269e-02
2.548575214478566997e-02
2.540531556370027519e-02
2.536303301604840577e-02
2.535603592419219399e-02
2.538265840179313240e-02
2.544255548002618411e-02
2.553661403367613048e-02
2.566666757137891705e-02
2.583504793842252359e-02
2.604402696758295263e-02
2.629521668943117854e-02
2.658900455912946784e-02
2.692409727845657130e-02
2.729723209268025350e-02
2.770308986889430045e-02
2.813441472277780284e-02
2.858231683886559502e-02
2.903671408972909734e-02
2.948685725458411247e-02
2.992188313121446966e-02
3.033134727323033228e-02
3.070570001930049767e-02
3.103668261344650833e-02
3.131763212978472266e-02
3.154369325698269666e-02
3.171194129610618168e-02
3.182142409305924874e-02
3.187313149851966898e-02
3.186989992007128319e-02
3.181625729096321242e-02
3.171821109353926277e-02
3.158297978465384598e-02
3.141866696280308513e-02
3.123387873548815266e-02
3.103728862042429149e-02
3.083716111987689495e-02
3.064085429674642119e-02
3.045433180586826216e-02
3.028172360169468363e-02
3.012497923940726449e-02
2.998365595932779917e-02
2.985487453348365308e-02
2.973346004712438401e-02
2.961226521578000370e-02
2.948265447056532332e-02
2.933511170458001291e-02
2.915992573978870225e-02
2.894790578576898407e-02
2.869108318723766204e-02
2.838336329116868118e-02
2.802109974255776945e-02
2.760357071467567022e-02
2.713334087200305889e-02
2.661649325176182468e-02
2.606271133093132630e-02
2.548518367105955321e-02
2.490029332688990099e-02
2.432704549024971435e-02
2.378618665568580856e-02
2.329898726207175683e-02
2.288570812685286962e-02
2.256385299456590415e-02
2.234641138173734318e-02
2.224037963148515346e-02
2.224586194628424066e-02
2.235596315249638658e-02
2.255750827086190277e-02
2.283243062915405255e-02
2.315954163165895655e-02
2.351637244222031312e-02
2.388084385020937048e-02
2.423262503857579256e-02
2.455413767492365881e-02
2.483122490666118953e-02
2.505353390499727440e-02
2.521466537521998078e-02
2.531213546665882913e-02
2.534718341470899861e-02
2.532444704853578643e-02
2.525152038103275695e-02
2.513840380932609933e-02
2.499685832599618865e-02
2.483968058820004710e-02
2.467992526421038113e-02
2.453011343401069466e-02
2.440147831843865467e-02
2.430330831395097202e-02
2.424244780718483316e-02
2.422300530492088946e-02
2.424629587346395845e-02
2.431101461983879372e-02
2.441360705153104715e-02
2.454877832191836029e-02
2.471007189053333816e-02
2.489045006771568522e-02
2.508282137423276104e-02
2.528047759790589405e-02
2.547742188230215157e-02
2.566858465433103503e-02
2.584993512852896969e-02
2.601850251767875294e-02
2.617232382922903694e-02
2.631033542133095690e-02
2.643222441817579330e-02
2.653825445591376578e-02
2.662907856332051570e-02
2.670555054009437698e-02
2.676854506260634495e-02
2.681879588448148055e-02
2.685676079562900054e-02
2.688252130221777461e-02
2.689572411248794884e-02
2.689557027588721297e-02
2.688085606002479228e-02
2.685006723833073539e-02
2.680152534626976599e-02
2.673358067858459461e-02
2.664484247455797816e-02
2.653443209820283491e-02
2.640224037910528926e-02
2.624916603644953522e-02
2.607730876160056083e-02
2.589008871317713747e-02
2.569226468253629422e-02
2.548982699058129769e-02
2.528974932406079582e-02
2.509959703252975446e-02
2.492700794238494541e-02
2.477908408206107305e-02
2.466175537585576713e-02
2.457919388808924022e-02
2.453336334133147945e-02
2.452377871243536026e-02
2.454752419218980339e-02
2.459953956491854263e-02
2.467314422562005491e-02
2.476073450254730191e-02
2.485457055453740155e-02
2.494756554477118443e-02
2.503399899105260284e-02
2.511009263319381041e-02
2.517440545740267169e-02
2.522802115633487885e-02
2.527451514069360347e-02
2.531970009712800063e-02
2.537116097637303128e-02
2.543760424798690092e-02
2.552806330876606841e-02
2.565102109333836436e-02
2.581352866848392325e-02
2.602040930962832080e-02
2.627363549498556647e-02
2.657194827455632360e-02
2.691075641180643366e-02
2.728231359077314122e-02
2.767613559246777030e-02
2.807959418141328309e-02
2.847861455644063247e-02
2.885840743129106101e-02
2.920418033639661862e-02
2.950178981042267390e-02
2.973831216171813480e-02
2.990252286811445268e-02
2.998528279726717788e-02
2.997983384460739878e-02
2.988200838534637097e-02
2.969035720147101057e-02
2.940620009197500787e-02
2.903360268860074450e-02
2.857928226909495911e-02
2.805244456976474510e-02
2.746455264153584500e-02
2.682902759783287183e-02
2.616087977996019859e-02
2.547626786916148967e-02
2.479198373680767051e-02
2.412486378798921888e-02
2.349113494074581490e-02
2.290571652135200628e-02
2.238151801195667132e-02
2.192879362969091597e-02
2.155463151961788462e-02
2.126265913513272418e-02
2.105303003978497775e-02
2.092272023671070541e-02
2.086611252474894831e-02
2.087579996940459523e-02
2.094350844740368658e-02
2.106103003792499442e-02
2.122107088992249493e-02
2.141793995980488877e-02
2.164802903881197019e-02
2.191005395026687091e-02
2.220504096502802852e-02
2.253605447895610028e-02
2.290767637331152587e-02
2.332526766820433931e-02
2.379406926181515045e-02
2.431822652623261485e-02
2.489984433406510281e-02
2.553818575387727802e-02
2.622911344049356358e-02
2.696483868194235814e-02
2.773399738495874872e-02
2.852202711298178900e-02
2.931178542813765719e-02
3.008433267906819933e-02
3.081980129798288573e-02
3.149828375458942065e-02
3.210068656289409572e-02
3.260951330748593918e-02
3.300955276474833860e-02
3.328845791296692475e-02
3.343720819456370841e-02
3.345045154226890249e-02
3.332672516495133880e-02
3.306855547045553512e-02
3.268243810144502021e-02
3.217869900135723882e-02
3.157123674495335847e-02
3.087714514339582814e-02
3.011621367631302226e-02
2.931030236663571126e-02
2.848258871294214942e-02
2.765668939460863909e-02
2.685567129723918575e-02
2.610098706181453523e-02
2.541139949059931583e-02
2.480199160199197950e-02
2.428338375649108025e-02
2.386128117373413973e-02
2.353644263920155050e-02
2.330509478674380741e-02
2.315973318364138514e-02
2.309017946811151023e-02
2.308472760878018878e-02
2.313122055775524225e-02
2.321794133401627533e-02
2.333425981413349282e-02
2.347102909262384005e-02
2.362076202305682729e-02
2.377763699827684790e-02
2.393738539954217912e-02
2.409710676837360788e-02
2.425504667951932855e-02
2.441036031303829221e-02
2.456287429505775444e-02
2.471285187425265734e-02
2.486076248656964027e-02
2.500705616739983331e-02
2.515194551482304031e-02
2.529520198896162766e-02
2.543597797248706507e-02
2.557266986381602838e-02
2.570283935477548146e-02
2.582320921326884330e-02
2.592974619807522293e-02
2.601783764061052148e-02
2.608256066394215242e-02
2.611903508293428322e-02
2.612284371683133016e-02
2.609049773311493056e-02
2.601991980622715694e-02
2.591091392191391396e-02
2.576558689777198874e-02
2.558868243180811852e-02
2.538778344729755720e-02
2.517333332604579713e-02
2.495842353138253561e-02
2.475829841715164459e-02
2.458954394690923001e-02
2.446896212709888385e-02
2.441219000371016787e-02
2.443219453591058410e-02
2.453784269158567136e-02
2.473277993427639571e-02
2.501482396414774281e-02
2.537599036394096869e-02
2.580313958525214807e-02
2.627911636965901687e-02
2.678418259893888126e-02
2.729753567717657300e-02
2.779874270045135792e-02
2.826897910367997396e-02
2.869201580879976107e-02
2.905493891570114229e-02
2.934860888017473343e-02
2.956787596323360440e-02
2.971157114811239647e-02
2.978229153938931340e-02
2.978599977199533969e-02
2.973146000337939521e-02
2.962953931264425064e-02
2.949241245994374191e-02
2.933271864110835112e-02
2.916272875349964003e-02
2.899358758819582660e-02
2.883469392011210955e-02
2.869327027165453903e-02
2.857415300410902706e-02
2.847980520561503234e-02
2.841052516452198529e-02
2.836479872572320732e-02
2.833973006005974585e-02
2.833148484594395083e-02
2.833569143616260916e-02
2.834776525341475145e-02
2.836314413717368893e-02
2.837744270104967242e-02
2.838654841805873102e-02
2.838668940702485446e-02
2.837450371002445473e-02
2.834713347342016077e-02
2.830235689719518347e-02
2.823875840366020518e-02
2.815592535456928197e-02
2.805464951998585740e-02
2.793710448640700575e-02
2.780696684835408730e-02
2.766944954988928215e-02
2.753122018757302170e-02
2.740018554161084696e-02
2.728513616011348300e-02
2.719526128628801595e-02
2.713956377127246453e-02
2.712622445320380868e-02
2.716198183108351621e-02
2.725160080695444853e-02
2.739749956910911624e-02
2.759958486468554184e-02
2.785531571395107736e-02
2.815998075005688231e-02
2.850714322965988007e-02
2.888918731525608186e-02
2.929789265312721103e-02
2.972497050611565619e-02
3.016250979857976536e-02
3.060330059098168368e-02
3.104102170949182837e-02
3.147029599615891460e-02
3.188662979775686718e-02
3.228626265112273519e-02
3.266595880725645801e-02
3.302277449120186864e-02
3.335383382773580985e-02
3.365614243686428780e-02
3.392646125888543890e-02
3.416125490523867769e-02
3.435671968751246447e-02
3.450888751200435062e-02
3.461379403940159638e-02
3.466769365755155430e-02
3.466730030314885830e-02
3.461003201898787962e-02
3.449423805526211778e-02
3.431938982939570365e-02
3.408622060221429967e-02
3.379680281569708011e-02
3.345455630160516086e-02
3.306418479495053936e-02
3.263154229229889292e-02
3.216343479471023281e-02
3.166736690797615494e-02
3.115124663059417806e-02
3.062306531585949620e-02
3.009057295204931384e-02
2.956097108938701007e-02
2.904064635922174592e-02
2.853496599848439133e-02
2.804815273906588816e-02
2.758324988744522560e-02
2.714217898517714764e-02
2.672588320196037440e-02
2.633454097430486945e-02
2.596782773532925470e-02
2.562519986536617236e-02
2.530617457970266507e-02
2.501058204369225116e-02
2.473877074658655667e-02
2.449175302659745493e-02
2.427128363088390875e-02
2.407986958633002647e-02
2.392071406850339657e-02
2.379760033058058583e-02
2.371472426329922223e-02
2.367648606967837077e-02
2.368725308661779466e-02
2.375110706124285501e-02
2.387159009475492422e-02
2.405146373809059768e-02
2.429249503859902057e-02
2.459528146482533109e-02
2.495912358548910831e-02
2.538195046442142527e-02
2.586029852758419192e-02
2.638934083122887464e-02
2.696296077969174976e-02
2.757386271780253029e-02
2.821371145674600456e-02
2.887329342777037594e-02
2.954269340263286636e-02
3.021148216946666076e-02
3.086891188362789890e-02
3.150411681972378058e-02
3.210631784394579746e-02
3.266502910458396469e-02
3.317026525891913352e-02
3.361274710054735354e-02
3.398410281551900169e-02
3.427706136908931916e-02
3.448563378974869170e-02
3.460527744470654615e-02
3.463303784964003040e-02
3.456766217077037601e-02
3.440967839285176411e-02
3.416143416776085823e-02
3.382708964853348849e-02
3.341255918425699994e-02
3.292539765368351218e-02
3.237462853386246370e-02
3.177051265915752792e-02
3.112425918662765217e-02
3.044768371567494261e-02
2.975282292965523989e-02
2.905152049519766147e-02
2.835500494134238908e-02
2.767348609792502634e-02
2.701580118899575209e-02
2.638914330074747933e-02
2.579890214298346043e-02
2.524863884703701378e-02
2.474020319611207677e-02
2.427398482923469325e-02
2.384927249530450349e-02
2.346468072421794421e-02
2.311859413823820833e-02
2.280957749616404143e-02
2.253670429867089126e-02
2.229976702994836135e-02
2.209934601878690841e-02
2.193672975884587359e-02
2.181369600720031721e-02
2.173217896632622173e-02
2.169386203615652348e-02
2.169974620151936262e-02
2.174974895055249366e-02
2.184238588511274240e-02
2.197457636738673822e-02
2.214159714852911506e-02
2.233718738877307763e-02
2.255378918245663084e-02
2.278289345877468342e-02
2.301545395886109985e-02
2.324233173562413254e-02
2.345473745964072460e-02
2.364464622264865132e-02
2.380516720579896675e-02
2.393085695770102647e-02
2.401796938302315845e-02
2.406463782426647088e-02
2.407098519586481009e-02
2.403915758127489824e-02
2.397327570738577718e-02
2.387929801030476765e-02
2.376478942398948385e-02
2.363859244685389757e-02
2.351040232196062452e-02
2.339025685499224530e-02
2.328796331662329536e-02
2.321249865157898329e-02
2.317143199492118985e-02
2.317042628058511855e-02
2.321287452515389746e-02
2.329971394655811975e-02
2.342943850678838244e-02
2.359830244013531517e-02
2.380068070708231745e-02
2.402953352014252850e-02
2.427691471544539403e-02
2.453446764243996311e-02
2.479386431293003137e-02
2.504715948630653610e-02
2.528704731421127158e-02
2.550702161540284105e-02
2.570145073202169048e-02
2.586558421362477461e-02
2.599551180710111403e-02
2.608809606108372994e-02
2.614089886664524437e-02
2.615211989064589876e-02
2.612056142942287620e-02
2.604562996302063962e-02
2.592737984293501038e-02
2.576659931430767825e-02
2.556493366380535592e-02
