5.098369377808478764e-02
5.230948911358595382e-02
5.358428276076344227e-02
5.480354581140076814e-02
5.596021577066259689e-02
5.704478724053094890e-02
5.804549981408592407e-02
5.894861468779762081e-02
5.973876815856749012e-02
6.039938737227271148e-02
6.091315154887934347e-02
6.126248051036604914e-02
6.143003172881379009e-02
6.139918730086425802e-02
6.115451321056756401e-02
6.068217489923868196e-02
5.997029542189501877e-02
5.900924521529916922e-02
5.779185559704197450e-02
5.631355141540133474e-02
5.457240163306498887e-02
5.256908991859109842e-02
5.030681041494394767e-02
4.779109664884145792e-02
4.502959395176709539e-02
4.203178771765798266e-02
3.880870127809535330e-02
3.537257810703085120e-02
3.173656346483741397e-02
2.791440046254439061e-02
2.392015489220349067e-02
1.976798206183498496e-02
1.547194733860661822e-02
1.104591019856717912e-02
6.503479373410613572e-03
1.858044253292072097e-03
-2.877114861411830815e-03
-9.625728759381245447e-03
-1.835008854782850529e-02
-1.753641919662608101e-02
-1.264658318924503054e-02
-3.088640617730179644e-03
5.826350632353597325e-04
-3.083883822782693476e-03
-6.808059501251976543e-03
-8.905659664513128349e-03
-1.259762210064636900e-02
-1.622049523444405589e-02
-1.974310222238860602e-02
-2.312910918375753536e-02
-2.633627359494030568e-02
-2.931571491489531195e-02
-3.201122548907449350e-02
-3.435864144664420305e-02
-3.628529558968147939e-02
-3.770957719225791899e-02
-3.854062710317561480e-02
-3.867820038821925127e-02
-3.801273264865667051e-02
-3.642564969239497213e-02
-3.378996289616117976e-02
-2.997119379585828913e-02
-2.482867056210439141e-02
-1.821723546100975644e-02
-9.989395641371294488e-03
2.060765588824990112e-06
1.190097540552734721e-02
2.584426741916422132e-02
4.195794960744003710e-02
6.035276876708781796e-02
8.111955208310220322e-02
1.043243683481766965e-01
1.300036389314417340e-01
1.581593572101943068e-01
1.887545948901682702e-01
2.217094875707243118e-01
2.568978984940262222e-01
2.941449573399770312e-01
3.332256592505867809e-01
3.738646875199585495e-01
4.157375916509708502e-01
4.584734114359044765e-01
5.016587886514203287e-01
5.448435527297322833e-01
5.875477077415364180e-01
6.292696879570115476e-01
6.694956911388225684e-01
7.077098456399305570e-01
7.434049222932010981e-01
7.760932676565311938e-01
8.053176136119042372e-01
8.306614111819783375e-01
8.517583445579286483e-01
8.683007047524522459e-01
8.800463401973749322e-01
8.868239523932238688e-01
8.885365660699136026e-01
8.851630723272824186e-01
8.767578165631024767e-01
8.634482771042710780e-01
8.454309517462433865e-01
8.229656344642667376e-01
7.963683203408929989e-01
7.660030207414360026e-01
7.322728011064302267e-01
6.956103693104798147e-01
6.564685430441292713e-01
6.153109105816247926e-01
5.726029718149369119e-01
5.288040074289139802e-01
4.843598759630198258e-01
4.396968840399717582e-01
3.952168172575440397e-01
3.512931612154626126e-01
3.082684868602722505e-01
2.664529244956357901e-01
2.261236087481801327e-01
1.875249443177191555e-01
1.508695207031476304e-01
1.163394938675814533e-01
8.408825391610419420e-02
5.424220959469418929e-02
2.690254148080498467e-02
2.146804324416229544e-03
-1.996970707537698911e-02
-3.941287725035870493e-02
-5.616898631598947478e-02
-7.024419967240341789e-02
-8.166427710128441875e-02
-9.047442291695845240e-02
-9.673918233063875938e-02
-1.005422813644668012e-01
-1.019863087758433873e-01
-1.011921481614985185e-01
-9.829808574499972196e-02
-9.345854282591728457e-02
-8.684240958427945356e-02
-7.863098671749321755e-02
-6.901557095304236555e-02
-5.819474759942940001e-02
-4.637147596017653778e-02
-3.375006999772185018e-02
-2.053318593634593028e-02
-6.918929940655587155e-03
6.901807396132990380e-03
2.074769667640154885e-02
3.444892213771410389e-02
4.784869194620800653e-02
6.080428439275752106e-02
7.318763568541802877e-02
8.488550126750743496e-02
9.579924552950611072e-02
1.058443328314610798e-01
1.149496047270181925e-01
1.230564334864291121e-01
1.301178402895745156e-01
1.360976581650668871e-01
1.409698057377286318e-01
1.447177193719099975e-01
1.473339699207475151e-01
1.488200677443023423e-01
1.491864377135347364e-01
1.484525262471576845e-01
1.466469864906349285e-01
1.438078766761783645e-01
1.399828012395034627e-01
1.352289247157826557e-01
1.296127946505962469e-01
1.232099211784198067e-01
1.161040766133073082e-01
1.083862971514800988e-01
1.001535892045831017e-01
9.150736348760191152e-02
8.255163932891664003e-02
7.339107843556486044e-02
6.412892043785509144e-02
5.486490114475487540e-02
4.569323808700875150e-02
3.670076648022988636e-02
2.796530241858635052e-02
1.955429943507210055e-02
1.152385031985222498e-02
3.918069249889069225e-03
-3.231129055597573539e-03
-9.903855146342083887e-03
-1.609169559252633663e-02
-2.179682491681213946e-02
-2.703082867288442159e-02
-3.181329819787954982e-02
-3.617026456725675604e-02
-4.013254256059708286e-02
-4.373405507076051635e-02
-4.701020462590117799e-02
-4.999635198341609993e-02
-5.272645266534106007e-02
-5.523189148782975399e-02
-5.754054328216225145e-02
-5.967607579347120050e-02
-6.165749881258026505e-02
-6.349895250483428288e-02
-6.520971810495118648e-02
-6.679442598991043589e-02
-6.825342984175626626e-02
-6.958331126828563862e-02
-7.077747685124628763e-02
-7.182680903372953840e-02
-7.272033336096878076e-02
-7.344586711910690291e-02
-7.399061811201351757e-02
-7.434170690574021245e-02
-7.448659109285166169e-02
-7.441337574901839280e-02
-7.411100007149475088e-02
-7.356929604289995372e-02
-7.277892073265029849e-02
-7.173116944434634878e-02
-7.041768227565399496e-02
-6.883006172347205798e-02
-6.695942368346929907e-02
-6.479590848394428670e-02
-6.232818235495764941e-02
-5.954296282392064488e-02
-5.642460376896010071e-02
-5.295477703822123322e-02
-4.911228742130040181e-02
-4.487305609877737661e-02
-4.021030427816208591e-02
-3.509496337899364188e-02
-2.949633076472285217e-02
-2.338298065089344444e-02
-1.672392859767630330e-02
-9.490035220515719364e-03
-1.655620884268217685e-03
6.799751204467558915e-03
1.588938017960432950e-02
2.561749062389817241e-02
3.597733422638683259e-02
4.694941868322954903e-02
5.849995688523458581e-02
7.057962937959474936e-02
8.312274815553034879e-02
9.604689976858762912e-02
1.092531307760842424e-01
1.226267188247693318e-01
1.360385492579897770e-01
1.493470908443951251e-01
1.624009364787263321e-01
1.750418469547057043e-01
1.871082097386583820e-01
1.984388016462144688e-01
2.088767258891424117e-01
2.182733813367686848e-01
2.264923159321699242e-01
2.334128175351809220e-01
2.389331041165395630e-01
2.429729908362568136e-01
2.454759333097950857e-01
2.464103731213977688e-01
2.457703419036985082e-01
2.435753123796289277e-01
2.398693168772869644e-01
2.347193842278715303e-01
2.282133730293265106e-01
2.204573016359505644e-01
2.115722918749090298e-01
2.016912537348631018e-01
1.909554418704881296e-01
1.795110118777369090e-01
1.675056954533504228e-01
1.550856996145968114e-01
1.423929172244907948e-01
1.295625154064825035e-01
1.167209463711350453e-01
1.039844030235473893e-01
9.145772067812506234e-02
7.923370730878404045e-02
6.739286881752648561e-02
5.600348336916865372e-02
4.512197020739417558e-02
3.479349357364589640e-02
2.505274120004157348e-02
1.592481895000164016e-02
7.426207996221309213e-03
-4.342621824662071120e-04
-7.654463419981269619e-03
-1.423807053862736517e-02
-2.019373545612163784e-02
-2.553434551721945819e-02
-3.027637019880522959e-02
-3.443929396153644351e-02
-3.804512811829931923e-02
-4.111799124009264672e-02
-4.368374578989445145e-02
-4.576967823349459286e-02
-4.740421061528192481e-02
-4.861663324497945970e-02
-4.943685042711874061e-02
-4.989513378114009828e-02
-5.002188036397203774e-02
-4.984737526971658866e-02
-4.940156044137602315e-02
-4.871381294393627159e-02
-4.781273683624921722e-02
-4.672597302445745393e-02
-4.548003112548276716e-02
-4.410014651059598889e-02
-4.261016447215931757e-02
-4.103245202389572965e-02
-3.938783638042144680e-02
-3.769556783467349625e-02
-3.597330371194437659e-02
-3.423710944314077576e-02
-3.250147264073368486e-02
-3.077932640154548011e-02
-2.908207887124603444e-02
-2.741964730594485811e-02
-2.580049633255222449e-02
-2.423168168460716060e-02
-2.271890219798649441e-02
-2.126656411232825603e-02
-1.987786257398541090e-02
-1.855488553963898640e-02
-1.729874494484070005e-02
-1.610973899127654888e-02
-1.498754774283868330e-02
-1.393146198653042074e-02
-1.294064264845595259e-02
-1.201440514240744231e-02
-1.115252008580541569e-02
-1.035551907723516324e-02
-9.624991920688110228e-03
-8.963860011539251035e-03
-8.376609737829951788e-03
-7.869469815494353065e-03
-7.450517524728765030e-03
-7.129700838394465931e-03
-6.918766359232084856e-03
-6.831086678882697556e-03
-6.881385057250936910e-03
-7.085359978360418996e-03
-7.459216929810248177e-03
-8.019119432258891775e-03
-8.780575676298122204e-03
-9.757780890794556794e-03
-1.096293858442712148e-02
-1.240558592402980949e-02
-1.409194963504298119e-02
-1.602435887021652627e-02
-1.820074047509786380e-02
-2.061422000607438312e-02
-2.325284879003765293e-02
-2.609947335000084925e-02
-2.913175878574086192e-02
-3.232237234902432532e-02
-3.563932767152956649e-02
-3.904648409558321431e-02
-4.250418954801833682e-02
-4.597004962485400775e-02
-4.939980026556017173e-02
-5.274825683540861759e-02
-5.597030883534599710e-02
-5.902192702830207083e-02
-6.186114867728833427e-02
-6.444900694982599876e-02
-6.675037240585637854e-02
-6.873467782809135340e-02
-7.037650236969529571e-02
-7.165599689747603751e-02
-7.255913923577918256e-02
-7.307781543740485275e-02
-7.320973084406441622e-02
-7.295816214312131343e-02
-7.233156846951870056e-02
-7.134308545537605684e-02
-7.000993065821303762e-02
-6.835275173955822348e-02
-6.639494994982002296e-02
-6.416201084080908057e-02
-6.168087172558859438e-02
-5.897935139929250808e-02
-5.608566228887984506e-02
-5.302801886379227697e-02
-4.983434922379856302e-02
-4.653210972916906746e-02
-4.314819579939663252e-02
-3.970893600079005575e-02
-3.624015163616303714e-02
-3.276726052813287715e-02
-2.931540174042008076e-02
-2.590955768962685188e-02
-2.257465143191401263e-02
-1.933559972593496684e-02
-1.621730654083580400e-02
-1.324458668421454183e-02
-1.044201480358901944e-02
-7.833700772253451156e-03
-5.442998012290803898e-03
-3.292156266473328288e-03
-1.401934390275211533e-03
2.088083503072583772e-04
1.523522379903678422e-03
2.528358980057860902e-03
3.212523289560155915e-03
3.568572231559602979e-03
3.592643805217613472e-03
3.284608282351716285e-03
2.648136402609112001e-03
1.690684335498022182e-03
4.233996470419568278e-04
-1.139043530121984678e-03
-2.978668730536163534e-03
-5.074467172229725313e-03
-7.402698795304325091e-03
-9.937209557962629891e-03
-1.264975131721743883e-02
-1.551029269452004408e-02
-1.848731219550798013e-02
-2.154806827726848603e-02
-2.465884475649287449e-02
-2.778517362903340157e-02
-3.089204072866312198e-02
-3.394408241565236711e-02
-3.690578342124892913e-02
-3.974168690798583065e-02
-4.241662763531005298e-02
-4.489599782288352520e-02
-4.714605294107393485e-02
-4.913426137185283871e-02
-5.082969788912476000e-02
-5.220347648132350055e-02
-5.322921349959726378e-02
-5.388350780245491217e-02
-5.414642082127532619e-02
-5.400193660407979351e-02
-5.343838017251458655e-02
-5.244877214525892756e-02
-5.103109865090567354e-02
-4.918847808913142522e-02
-4.692921021379262841e-02
-4.426669811932046339e-02
-4.121923973609531444e-02
-3.780969203033505976e-02
-3.406501785502133450e-02
-3.001573187834916112e-02
-2.569526779359584262e-02
-2.113929368751436833e-02
-1.638500566965729599e-02
-1.147043138161920814e-02
-6.433774655187803060e-03
-1.312830330562277928e-03
3.855505838301376623e-03
9.035612971947685687e-03
1.419339434578803516e-02
1.929639588145628387e-02
2.431379791392962453e-02
2.921629255295135966e-02
3.397586659308883539e-02
3.856551644425571662e-02
4.295892651166953458e-02
4.713014549699814926e-02
5.105329597971282329e-02
5.470235125921701219e-02
5.805100982506525287e-02
6.107269214786269218e-02
6.374067705520983229e-02
6.602838620128606562e-02
6.790981557462728857e-02
6.936010319765605059e-02
7.035621276080319952e-02
7.087770449815102014e-02
7.090755769351846094e-02
7.043300426123468017e-02
6.944633021106309811e-02
6.794560167558798269e-02
6.593527458695404297e-02
6.342665191216746712e-02
6.043815931067834935e-02
5.699541874487548676e-02
5.313110942251159097e-02
4.888461587306749262e-02
4.430147331573924818e-02
3.943263013181644294e-02
3.433355562748321294e-02
2.906322787513941977e-02
2.368304088802738322e-02
1.825567249944492348e-02
1.284395403198496100e-02
7.509780265790245470e-03
2.313093612502379985e-03
-2.689029830987445420e-03
-7.443172042951824025e-03
-1.190023029375105248e-02
-1.601593541734725248e-02
-1.975123415112573291e-02
-2.307254495174269893e-02
-2.595190168588270077e-02
-2.836700292801630843e-02
-3.030118615865431270e-02
-3.174334597719738471e-02
-3.268781369101517870e-02
-3.313421260243637478e-02
-3.308729936340433497e-02
-3.255679733466152609e-02
-3.155722342100082678e-02
-3.010770578413569584e-02
-2.823178653172603650e-02
-2.595720123095268325e-02
-2.331562607649221436e-02
-2.034238381569338991e-02
-1.707610103810183744e-02
-1.355831200137008925e-02
-9.833007527980199003e-03
-5.946131337929701915e-03
-1.945030117438582232e-03
2.122132702917745375e-03
6.206986410133162081e-03
1.026157045388356552e-02
1.423894347368971115e-02
1.809376751784343845e-02
2.178285221853085152e-02
2.526564587406611440e-02
2.850466340675261376e-02
3.146584474439088203e-02
3.411884100261931146e-02
3.643722959767945607e-02
3.839866278361343810e-02
3.998495681562204418e-02
4.118213078903003310e-02
4.198040506957429613e-02
4.237416908475016841e-02
4.236192714805194631e-02
4.194622908198903516e-02
4.113358990434434759e-02
3.993440000614720264e-02
3.836282436428635478e-02
3.643668668023477414e-02
3.417733217659860157e-02
3.160946132510763368e-02
2.876092616878096753e-02
2.566248120784254613e-02
2.234748203517721368e-02
1.885152694858830552e-02
1.521203948333856200e-02
1.146779299716947989e-02
7.658381865506376333e-03
3.823647257999686615e-03
3.068627217355981358e-06
-3.764865269726102616e-03
-7.443289950230426097e-03
-1.099758624077207085e-02
-1.439597117380214848e-02
-1.761004154160096535e-02
-2.061525407518706443e-02
-2.339132807877939910e-02
-2.592255876963504152e-02
-2.819803239538118400e-02
-3.021173726410044530e-02
-3.196256796903972769e-02
-3.345422317825192532e-02
-3.469500027200300013e-02
-3.569749275837881541e-02
-3.647819872136370822e-02
-3.705705052524185805e-02
-3.745687760791666099e-02
-3.770281545467722012e-02
-3.782167477448243609e-02
-3.784128552760874370e-02
-3.778983079814001583e-02
-3.769518558132001207e-02
-3.758427536832797261e-02
-3.748246895364736736e-02
-3.741301914913276044e-02
-3.739656404666770462e-02
-3.745070011211602129e-02
-3.758963670882777691e-02
-3.782393964423475669e-02
-3.816036903091134941e-02
-3.860181419765439104e-02
-3.914732564224653738e-02
-3.979224117167111385e-02
-4.052840053054365677e-02
-4.134444008860024833e-02
-4.222615666171933291e-02
-4.315692739316309701e-02
-4.411817092624829850e-02
-4.508983394183112281e-02
-4.605088657493618814e-02
-4.697981029744471848e-02
-4.785506256065578251e-02
-4.865550380540453052e-02
-4.936077431308553282e-02
-4.995161070920229457e-02
-5.041009464377745747e-02
-5.071982914862922798e-02
-5.086604129113634493e-02
-5.083561288654594307e-02
-5.061704407755945878e-02
-5.020035742859735306e-02
-4.957695270957463568e-02
-4.873942466792013234e-02
-4.768135772778195336e-02
-4.639711264477028307e-02
-4.488162063004142582e-02
-4.313020030104557090e-02
-4.113841199677020777e-02
-3.890196251092804813e-02
-3.641667116729232351e-02
-3.367850543213412456e-02
-3.068369100177572098e-02
-2.742889762023559275e-02
-2.391149790414941537e-02
-2.012989233921671367e-02
-1.608388954841555654e-02
-1.177512711925277240e-02
-7.207514926493019392e-03
-2.387680206934832215e-03
2.674608172749347139e-03
7.966059601372796339e-03
1.346954874642967807e-02
1.916389112446426762e-02
2.502372584013287660e-02
3.101952018857772123e-02
3.711770589728553837e-02
4.328095109182401867e-02
4.946856588477849953e-02
5.563703313664079136e-02
6.174064977822748407e-02
6.773225848032649044e-02
7.356404475451881753e-02
7.918837107490393767e-02
8.455861756506026505e-02
8.962999835587384667e-02
9.436032394819635072e-02
9.871068276471489655e-02
1.026460193973322693e-01
1.061355926007689909e-01
1.091533025172077981e-01
1.116778835451073398e-01
1.136929662558237158e-01
1.151870183752708721e-01
1.161531806687654683e-01
1.165890182322180252e-01
1.164962109170342153e-01
1.158802082130945127e-01
1.147498738093195442e-01
1.131171432866865389e-01
1.109967151294605214e-01
1.084057907235959767e-01
1.053638735857267278e-01
1.018926321280088643e-01
9.801582423749319317e-02
9.375927625522958997e-02
8.915090396871966361e-02
8.422075931058529974e-02
7.900108383331948259e-02
7.352634885403293297e-02
6.783326247792037522e-02
6.196072545289041389e-02
5.594972082087498744e-02
4.984312637132213425e-02
4.368544366441156485e-02
3.752244253262511375e-02
3.140072513455006292e-02
2.536721848331273399e-02
1.946860860080565706e-02
1.375073281253538955e-02
8.257949023429106417e-03
3.032502009965035595e-03
-1.886093181130548205e-03
-6.461631654057764344e-03
-1.066174578287230196e-02
-1.445836460191843829e-02
-1.782809425573960230e-02
-2.075251178668135674e-02
-2.321836806546178147e-02
-2.521769901565705865e-02
-2.674784726506239732e-02
-2.781139883989030767e-02
-2.841604141971576514e-02
-2.857435196474262737e-02
-2.830352223676654844e-02
-2.762503092987707298e-02
-2.656427090893585460e-02
-2.515013954661289575e-02
-2.341459948399947019e-02
-2.139221644027065189e-02
-1.911968007049203583e-02
-1.663531339735317693e-02
-1.397857606919582739e-02
-1.118956663455111800e-02
-8.308529149684539331e-03
-5.375369698007437941e-03
-2.429188724176087246e-03
4.921646159640988586e-04
3.352509705389167260e-03
6.117716945808540467e-03
8.756049373731460833e-03
1.123845789824652261e-02
1.353882554041702796e-02
1.563415724507542445e-02
1.750471327540948155e-02
1.913408581596040894e-02
2.050922010837705894e-02
2.162038312328254733e-02
2.246108432538016647e-02
2.302795441839290344e-02
2.332058897704325506e-02
2.334136452161078915e-02
2.309523482907717765e-02
2.258951509427190724e-02
2.183366097417154331e-02
2.083904861470403311e-02
1.961876054114225151e-02
1.818738087726426769e-02
1.656080184331607669e-02
1.475604197179022394e-02
1.279107507482300787e-02
1.068466779143667673e-02
8.456222617428815758e-03
6.125622738151240490e-03
3.713074786266654017e-03
1.238945850969616581e-03
-1.276408334184598106e-03
-3.812826131434397716e-03
-6.350534495505642286e-03
-8.870354540415265054e-03
-1.135391583063319852e-02
-1.378387535347900053e-02
-1.614413550918833776e-02
-1.842005402950450121e-02
-2.059863761946131508e-02
-2.266871041460706213e-02
-2.462104814464953495e-02
-2.644846925816410343e-02
-2.814587522587089219e-02
-2.971023380206416417e-02
-3.114050114766021837e-02
-3.243748132810269497e-02
-3.360362468187503421e-02
-3.464276976409566555e-02
-3.555983683120558098e-02
-3.636048395571316039e-02
-3.705073964593978003e-02
-3.763662810170156914e-02
-3.812380478828759217e-02
-3.851722071461390062e-02
-3.882083355647423378e-02
-3.903738252392063152e-02
-3.916824164292924404e-02
-3.921336297648522762e-02
-3.917131737920444973e-02
-3.903943584616365037e-02
-3.881404960785685837e-02
-3.849082209654016568e-02
-3.806516103657130862e-02
-3.753269446194839459e-02
-3.688979068745571605e-02
-3.613409936907714670e-02
-3.526508894862095955e-02
-3.428455509128575107e-02
-3.319707523235459340e-02
-3.201038602303927366e-02
-3.073566321540572091e-02
-2.938768720665817583e-02
-2.798488188399034585e-02
-2.654921935219284670e-02
-2.510598835078182642e-02
-2.368342943791259050e-02
-2.231224510939426933e-02
-2.102499773095749605e-02
-1.985541232078068957e-02
-1.883760469449317909e-02
-1.800525818270637401e-02
-1.739077399555164979e-02
-1.702442131782999982e-02
-1.693351337921647146e-02
-1.714163508649890755e-02
-1.766794637621197511e-02
-1.852658330562946543e-02
-1.972617611599106202e-02
-2.126950014904562675e-02
-2.315327165821970401e-02
-2.536809631868408577e-02
-2.789857370609397438e-02
-3.072355629397609603e-02
-3.381655674082075652e-02
-3.714629254051097368e-02
-4.067735264726399236e-02
-4.437096662133988706e-02
-4.818585333986879354e-02
-5.207912353835489339e-02
-5.600720853749373285e-02
-5.992678658555544713e-02
-6.379567839066760393e-02
-6.757368466567091614e-02
-7.122334084333405146e-02
-7.471056746693306716e-02
-7.800519898866403734e-02
-8.108137863127909406e-02
-8.391781235755893520e-02
-8.649788058662645496e-02
-8.880961181805227533e-02
-9.084552749753316281e-02
-9.260237202399769496e-02
-9.408074553590034528e-02
-9.528465985403115901e-02
-9.622103959185759892e-02
-9.689919093425798657e-02
-9.733025996482766451e-02
-9.752670079177289120e-02
-9.750177124286012187e-02
-9.726907077710267302e-02
-9.684213173081669679e-02
-9.623407132599350045e-02
-9.545730826041216865e-02
-9.452334438816936690e-02
-9.344260916398751393e-02
-9.222436229242032824e-02
-9.087664846498762217e-02
-8.940629719723883206e-02
-8.781896055166374393e-02
-8.611918186172833056e-02
-8.431048933122087252e-02
-8.239550942276874235e-02
-8.037609611266673115e-02
-7.825347322483397483e-02
-7.602838803237489673e-02
-7.370127502756332327e-02
-7.127242914304013355e-02
-6.874218773116574921e-02
-6.611112028669703655e-02
-6.338022427773699896e-02
-6.055112460772372335e-02
-5.762627326391716459e-02
-5.460914472284850163e-02
-5.150442178857474879e-02
-4.831816583475501831e-02
-4.505796498947518824e-02
-4.173305370294484035e-02
-3.835439740717400126e-02
-3.493473662058777657e-02
-3.148858584967949986e-02
-2.803218395059842855e-02
-2.458339417229460713e-02
-2.116155383058715422e-02
-1.778727537054897515e-02
-1.448220236976770908e-02
-1.126872572499629938e-02
-8.169666762617310354e-03
-5.207935242107521873e-03
-2.406171117532367870e-03
2.136205623885144246e-04
2.630432128524420963e-03
4.824603963066144419e-03
6.778154905234623148e-03
8.475085007702873319e-03
9.901644650028110575e-03
1.104656563680805892e-02
1.190125166735711559e-02
1.245992735394994486e-02
1.271974667411575680e-02
1.268086325654617548e-02
1.234646611557397265e-02
1.172278527780544477e-02
1.081907212220292042e-02
9.647559148140199756e-03
8.223403296529754533e-03
6.564615916731666480e-03
4.691981073670500706e-03
2.628962236274986000e-03
4.015956179874931894e-04
-1.961633291693331768e-03
-4.429934997113425636e-03
-6.970389236272868903e-03
-9.548153044009227014e-03
-1.212671058199588786e-02
-1.466817111123872204e-02
-1.713362024263233654e-02
-1.948352772507622177e-02
-2.167821260494301114e-02
-2.367836374614045586e-02
-2.544561060280543449e-02
-2.694313597622768203e-02
-2.813631946241760412e-02
-2.899339759948495882e-02
-2.948612452719348923e-02
-2.959041541451264828e-02
-2.928695409216815898e-02
-2.856174629525125644e-02
-2.740660067489193372e-02
-2.581952122902356206e-02
-2.380499693987480139e-02
-2.137417706710741452e-02
-1.854492358649340727e-02
-1.534173553199743092e-02
-1.179554334476980333e-02
-7.943374620619763488e-03
-3.827895765259604812e-03
5.031630709372458170e-04
4.997689854771203075e-03
9.599967189344922602e-03
1.425152947458528489e-02
1.889208513966138606e-02
2.346048712140616846e-02
2.789573377611688151e-02
3.213798167335973899e-02
3.612955121986240886e-02
3.981590580514045991e-02
4.314658517079242306e-02
4.607607401994767010e-02
4.856458755016444112e-02
5.057875666398424508e-02
5.209219713396566476e-02
5.308594900813992656e-02
5.354877505126103693e-02
5.347731001299147607e-02
5.287605594987056928e-02
5.175722262287460462e-02
5.014041603286461396e-02
4.805218229981880057e-02
4.552541817463415241e-02
4.259866331877943529e-02
3.931529292083804639e-02
3.572263207478774266e-02
3.187101548018491520e-02
2.781281732961996336e-02
2.360147665530327316e-02
1.929054289222048232e-02
1.493276500624267193e-02
1.057924530536666005e-02
6.278676116958842313e-03
2.076674024619750824e-03
-1.984777508581510742e-03
-5.867770358096791386e-03
-9.538796074694148863e-03
-1.296895348159555691e-02
-1.613404419063402956e-02
-1.901456373539362962e-02
-2.159559848580712080e-02
-2.386664034712497606e-02
-2.582133244136221653e-02
-2.745715954381451260e-02
-2.877509705627028652e-02
-2.977923182305911715e-02
-3.047636723422355101e-02
-3.087562391819168375e-02
-3.098804600988280464e-02
-3.082622158587429440e-02
-3.040392446733307386e-02
-2.973578326506112757e-02
-2.883698231798431308e-02
-2.772299807298435337e-02
-2.640937346600465141e-02
-2.491153197130719851e-02
-2.324463215602837196e-02
-2.142346277434362123e-02
-1.946237762471934168e-02
-1.737526854755140279e-02
-1.517557404412474276e-02
-1.287632005249059707e-02
-1.049018844057028783e-02
-8.029607808191157464e-03
-5.506860279948728835e-03
-2.934197183423647298e-03
-3.239559121819521087e-04
2.311330060272732013e-03
4.958836058408589050e-03
7.605373653460482247e-03
1.023734759713642792e-02
1.284074798457031027e-02
1.540118184109376051e-02
1.790394645140874416e-02
2.033414462936246683e-02
2.267683986806626889e-02
2.491724703856266349e-02
2.704095215665996282e-02
2.903415284988530506e-02
3.088390965974293495e-02
3.257839732064849586e-02
3.410714475085674380e-02
3.546125272221495317e-02
3.663357905384156260e-02
3.761888266559416244e-02
3.841391985307213153e-02
3.901748859003396908e-02
3.943041937697869953e-02
3.965551396371606169e-02
3.969743599531563166e-02
3.956256008312658556e-02
3.925878781928164585e-02
3.879534069609764935e-02
3.818254066203714825e-02
3.743158909170554716e-02
3.655435426912219399e-02
3.556317613451757259e-02
3.447069512810572306e-02
3.328970962505892889e-02
3.203306387156775598e-02
3.071356569843088080e-02
2.934393080611014809e-02
2.793674827243905132e-02
2.650446029444119070e-02
2.505934816416244618e-02
2.361351617251014265e-02
2.217886555860878670e-02
2.076705174334571302e-02
1.938941981959176400e-02
1.805691548619791156e-02
1.677997113949144734e-02
1.556836948151224705e-02
1.443108956561314597e-02
1.337614247941212690e-02
1.241040568426526707e-02
1.153946624399648097e-02
1.076748368136207050e-02
1.009708294686662879e-02
9.529286973191058649e-03
9.063496575132065983e-03
8.697523144093279382e-03
8.427676823525940414e-03
8.248909813592943466e-03
8.155011334035617079e-03
8.138847772530582309e-03
8.192638851448566517e-03
8.308258427037935184e-03
8.477546927679132163e-03
8.692621537843244969e-03
8.946170092425150683e-03
9.231715265946993307e-03
9.543836980928701100e-03
9.878342936390650808e-03
1.023237965322662361e-02
1.060447930405053300e-02
1.099454068028840083e-02
1.140374578104306168e-02
1.183441652157026826e-02
1.228981880051657240e-02
1.277392349992459084e-02
1.329113581117692157e-02
1.384600550404063539e-02
1.444293133790864637e-02
1.508587274116807327e-02
1.577808117684489225e-02
1.652186232253639517e-02
1.731837840108095203e-02
1.816749781070577802e-02
1.906769674370734774e-02
2.001601488769071818e-02
2.100806471492826580e-02
2.203809142295233559e-02
2.309907842222268595e-02
2.418289148585711298e-02
2.528045336851867872e-02
2.638193992289418130e-02
2.747698851506766987e-02
2.855490985121989997e-02
2.960489512956809843e-02
3.061621164419216223e-02
3.157838148691302638e-02
3.248133969772043494e-02
3.331556997317412783e-02
3.407221772719858793e-02
3.474318179266377288e-02
3.532118725813730709e-02
3.579984278225850636e-02
3.617368617983160450e-02
3.643822212356964685e-02
3.658995547989985636e-02
3.662642315072313359e-02
3.654622640158813884e-02
3.634906461047046622e-02
3.603577026583006104e-02
3.560834397060811535e-02
3.506998725277424983e-02
3.442513020926162709e-02
3.367945046496926415e-02
3.283987963678004079e-02
3.191459345816163862e-02
3.091298192851434784e-02
2.984559627436282961e-02
2.872407010877039632e-02
2.756101290875261761e-02
2.636987475625059141e-02
2.516478216895298020e-02
2.396034575231918359e-02
2.277144131083498960e-02
2.161296694960938847e-02
2.049957956754571570e-02
1.944541498443788652e-02
1.846379675064936665e-02
1.756693945092495379e-02
1.676565301935653562e-02
1.606905520942149973e-02
1.548429988242159758e-02
1.501632915356829884e-02
1.466765762623814355e-02
1.443819690834365933e-02
1.432512829897148073e-02
1.432283092333528490e-02
1.442287165529263122e-02
1.461406188957243592e-02
1.488258461885476162e-02
1.521219336244336064e-02
1.558448233276494253e-02
1.597922488254255660e-02
1.637477483600538464e-02
1.674852287246449134e-02
1.707739780937192475e-02
1.733840053698289599e-02
1.750915659712207889e-02
1.756847207394856072e-02
1.749687665916456122e-02
1.727713753123054710e-02
1.689472808628120909e-02
1.633823658808093715e-02
1.559970144647950148e-02
1.467486203973902142e-02
1.356331668881854795e-02
1.226858246870506097e-02
1.079805487918495364e-02
9.162868854830905074e-03
7.377666021137561925e-03
5.460276347253009352e-03
3.431325256490885215e-03
1.313779696568695464e-03
-8.675514754704194810e-04
-3.086546264777002748e-03
-5.316310501787785241e-03
-7.529714355535530555e-03
-9.699908820175266386e-03
-1.180080834317493409e-02
-1.380752809090448480e-02
-1.569676712187783804e-02
-1.744713179645347376e-02
-1.903939691169816151e-02
-2.045670512025242818e-02
-2.168470798524802998e-02
-2.271165436927015391e-02
-2.352843361290248014e-02
-2.412858202658041754e-02
-2.450826154600646220e-02
-2.466621898782518293e-02
-2.460373324533538311e-02
-2.432455609260718299e-02
-2.383485017324839250e-02
-2.314312542478179011e-02
-2.226017283824172771e-02
-2.119899228553185841e-02
-1.997470936090497973e-02
-1.860447494418250927e-02
-1.710734062434134117e-02
-1.550410329020630862e-02
-1.381711310626665239e-02
-1.207004068969194481e-02
-1.028760147471638117e-02
-8.495237828772081445e-03
-6.718762271456357044e-03
-4.983967923939491493e-03
-3.316214863406921967e-03
-1.740003173050680071e-03
-2.785449962129664847e-04
1.046651294563667950e-03
2.216171676463392533e-03
3.213049412801249286e-03
4.023069411639796679e-03
4.635015115873185321e-03
5.040851504877493817e-03
5.235840493503126671e-03
5.218587752097078418e-03
4.991022545794722258e-03
4.558314431074012366e-03
3.928732419818182706e-03
3.113453442625571579e-03
2.126327585867800792e-03
9.836076688523314338e-04
-2.963496528299425074e-04
-1.693404804038575653e-03
-3.185972709779129591e-03
-4.751372182143799409e-03
-6.366183610866692384e-03
-8.006611924254754611e-03
-9.648852079383377772e-03
-1.126945424398194222e-02
-1.284568534903838058e-02
-1.435588287496117679e-02
-1.577979568689568540e-02
-1.709890559606346352e-02
-1.829672225733481108e-02
-1.935904318964665541e-02
-2.027417028601853979e-02
-2.103307429693464931e-02
-2.162949951528474538e-02
-2.206000229942099017e-02
-2.232391911912039520e-02
-2.242326241161159833e-02
-2.236254554862725577e-02
-2.214854145113867925e-02
-2.178998262439165584e-02
-2.129721338651028445e-02
-2.068180759963881427e-02
-1.995616707962536568e-02
-1.913311689895889900e-02
-1.822551390725129020e-02
-1.724588394203546010e-02
-1.620610143116420557e-02
-1.511712250896560597e-02
-1.398877955706501891e-02
-1.282964146270722944e-02
-1.164694011977408794e-02
-1.044656004913918634e-02
-9.233084743856612500e-03
-8.009890678028881716e-03
-6.779278033504647534e-03
-5.542626209413497977e-03
-4.300562126741513079e-03
-3.053130188813260419e-03
-1.799954401568044319e-03
-5.403854249847547418e-04
7.263719992262585544e-04
2.001152966367249642e-03
3.284746662819793689e-03
4.577827553104537456e-03
5.880898260424181206e-03
7.194237779267833449e-03
8.517848349856338083e-03
9.851394855093330641e-03
1.119413192450497037e-02
1.254481593025052154e-02
1.390160156160014093e-02
1.526192544457151065e-02
1.662238208309920959e-02
1.797859997968154211e-02
1.932512790201160874e-02
2.065534268485629682e-02
2.196139052971103969e-02
2.323417338722881531e-02
2.446339064878433681e-02
2.563764407779302659e-02
2.674461079476855158e-02
2.777128537359668109e-02
2.870428794390092811e-02
2.953023089627575953e-02
3.023613264239738765e-02
3.080986317761453402e-02
3.124060319473651037e-02
3.151929642894055195e-02
3.163907394287811259e-02
3.159562928694119310e-02
3.138752491416621493e-02
3.101641283487516568e-02
3.048715612876532616e-02
2.980784238923393781e-02
2.898968519832807039e-02
2.804681502450696862e-02
2.699596618452188707e-02
2.585607140310511656e-02
2.464777975191392856e-02
2.339291710827933607e-02
2.211391056129460506e-02
2.083319929703067799e-02
1.957265438536892263e-02
1.835302861811620792e-02
1.719345523752456584e-02
1.611101123694970091e-02
1.512035715149199003e-02
1.423346115665117227e-02
1.345941113684552722e-02
1.280431444002849521e-02
1.227128153378167011e-02
1.186048690668109820e-02
1.156929843882663865e-02
1.139246515061968432e-02
1.132235271283941677e-02
1.134921628295258028e-02
1.146150098777768897e-02
1.164616152791297932e-02
1.188899374115025276e-02
1.217497233599868639e-02
1.248859021618215978e-02
1.281419572129786563e-02
1.313632461456183675e-02
